# SEA-Stack Verification Data
# format: timeseries
# source: hydrochrono
# model: sphere_decay_multicode
# quantity: heave_decay
# units: s, m
# columns: Time(s) Heave(m)
# Converted from absolute position, equilibrium = -2.0017 m
1.500000e-02 1.001263e+00
3.000000e-02 1.000380e+00
4.500000e-02 9.990550e-01
6.000000e-02 9.972900e-01
7.500000e-02 9.950850e-01
9.000000e-02 9.924410e-01
1.050000e-01 9.893600e-01
1.200000e-01 9.858430e-01
1.350000e-01 9.818920e-01
1.500000e-01 9.775100e-01
1.650000e-01 9.726970e-01
1.800000e-01 9.674560e-01
1.950000e-01 9.617910e-01
2.100000e-01 9.557030e-01
2.250000e-01 9.491960e-01
2.400000e-01 9.422730e-01
2.550000e-01 9.349380e-01
2.700000e-01 9.271930e-01
2.850000e-01 9.190440e-01
3.000000e-01 9.104930e-01
3.150000e-01 9.015460e-01
3.300000e-01 8.922060e-01
3.450000e-01 8.824780e-01
3.600000e-01 8.723670e-01
3.750000e-01 8.618780e-01
3.900000e-01 8.510160e-01
4.050000e-01 8.397860e-01
4.200000e-01 8.281950e-01
4.350000e-01 8.162470e-01
4.500000e-01 8.039480e-01
4.650000e-01 7.913050e-01
4.800000e-01 7.783240e-01
4.950000e-01 7.650100e-01
5.100000e-01 7.513710e-01
5.250000e-01 7.374140e-01
5.400000e-01 7.231440e-01
5.550000e-01 7.085700e-01
5.700000e-01 6.936970e-01
5.850000e-01 6.785340e-01
6.000000e-01 6.630880e-01
6.150000e-01 6.473660e-01
6.300000e-01 6.313760e-01
6.450000e-01 6.151260e-01
6.600000e-01 5.986230e-01
6.750000e-01 5.818760e-01
6.900000e-01 5.648920e-01
7.050000e-01 5.476810e-01
7.200000e-01 5.302490e-01
7.350000e-01 5.126060e-01
7.500000e-01 4.947610e-01
7.650000e-01 4.767200e-01
7.800000e-01 4.584950e-01
7.950000e-01 4.400920e-01
8.100000e-01 4.215210e-01
8.250000e-01 4.027910e-01
8.400000e-01 3.839110e-01
8.550000e-01 3.648900e-01
8.700000e-01 3.457360e-01
8.850000e-01 3.264600e-01
9.000000e-01 3.070690e-01
9.150000e-01 2.875740e-01
9.300000e-01 2.679840e-01
9.450000e-01 2.483070e-01
9.600000e-01 2.285540e-01
9.750000e-01 2.087330e-01
9.900000e-01 1.888530e-01
1.005000e+00 1.689250e-01
1.020000e+00 1.489580e-01
1.035000e+00 1.289600e-01
1.050000e+00 1.089420e-01
1.065000e+00 8.891203e-02
1.080000e+00 6.888003e-02
1.095000e+00 4.885503e-02
1.110000e+00 2.884603e-02
1.125000e+00 8.864034e-03
1.140000e+00 -1.108397e-02
1.155000e+00 -3.098697e-02
1.170000e+00 -5.083697e-02
1.185000e+00 -7.062497e-02
1.200000e+00 -9.034097e-02
1.215000e+00 -1.099760e-01
1.230000e+00 -1.295220e-01
1.245000e+00 -1.489690e-01
1.260000e+00 -1.683100e-01
1.275000e+00 -1.875340e-01
1.290000e+00 -2.066340e-01
1.305000e+00 -2.256000e-01
1.320000e+00 -2.444240e-01
1.335000e+00 -2.630990e-01
1.350000e+00 -2.816140e-01
1.365000e+00 -2.999630e-01
1.380000e+00 -3.181370e-01
1.395000e+00 -3.361280e-01
1.410000e+00 -3.539280e-01
1.425000e+00 -3.715290e-01
1.440000e+00 -3.889240e-01
1.455000e+00 -4.061040e-01
1.470000e+00 -4.230640e-01
1.485000e+00 -4.397940e-01
1.500000e+00 -4.562880e-01
1.515000e+00 -4.725390e-01
1.530000e+00 -4.885390e-01
1.545000e+00 -5.042830e-01
1.560000e+00 -5.197630e-01
1.575000e+00 -5.349730e-01
1.590000e+00 -5.499070e-01
1.605000e+00 -5.645570e-01
1.620000e+00 -5.789190e-01
1.635000e+00 -5.929860e-01
1.650000e+00 -6.067520e-01
1.665000e+00 -6.202120e-01
1.680000e+00 -6.333600e-01
1.695000e+00 -6.461910e-01
1.710000e+00 -6.587000e-01
1.725000e+00 -6.708820e-01
1.740000e+00 -6.827330e-01
1.755000e+00 -6.942460e-01
1.770000e+00 -7.054190e-01
1.785000e+00 -7.162470e-01
1.800000e+00 -7.267250e-01
1.815000e+00 -7.368500e-01
1.830000e+00 -7.466180e-01
1.845000e+00 -7.560260e-01
1.860000e+00 -7.650690e-01
1.875000e+00 -7.737460e-01
1.890000e+00 -7.820520e-01
1.905000e+00 -7.899860e-01
1.920000e+00 -7.975440e-01
1.935000e+00 -8.047240e-01
1.950000e+00 -8.115230e-01
1.965000e+00 -8.179400e-01
1.980000e+00 -8.239730e-01
1.995000e+00 -8.296210e-01
2.010000e+00 -8.348800e-01
2.025000e+00 -8.397510e-01
2.040000e+00 -8.442320e-01
2.055000e+00 -8.483220e-01
2.070000e+00 -8.520200e-01
2.085000e+00 -8.553260e-01
2.100000e+00 -8.582390e-01
2.115000e+00 -8.607600e-01
2.130000e+00 -8.628880e-01
2.145000e+00 -8.646230e-01
2.160000e+00 -8.659660e-01
2.175000e+00 -8.669170e-01
2.190000e+00 -8.674780e-01
2.205000e+00 -8.676480e-01
2.220000e+00 -8.674290e-01
2.235000e+00 -8.668230e-01
2.250000e+00 -8.658300e-01
2.265000e+00 -8.644530e-01
2.280000e+00 -8.626930e-01
2.295000e+00 -8.605520e-01
2.310000e+00 -8.580320e-01
2.325000e+00 -8.551360e-01
2.340000e+00 -8.518670e-01
2.355000e+00 -8.482260e-01
2.370000e+00 -8.442170e-01
2.385000e+00 -8.398430e-01
2.400000e+00 -8.351070e-01
2.415000e+00 -8.300120e-01
2.430000e+00 -8.245610e-01
2.445000e+00 -8.187600e-01
2.460000e+00 -8.126100e-01
2.475000e+00 -8.061160e-01
2.490000e+00 -7.992830e-01
2.505000e+00 -7.921140e-01
2.520000e+00 -7.846140e-01
2.535000e+00 -7.767880e-01
2.550000e+00 -7.686400e-01
2.565000e+00 -7.601740e-01
2.580000e+00 -7.513970e-01
2.595000e+00 -7.423130e-01
2.610000e+00 -7.329260e-01
2.625000e+00 -7.232440e-01
2.640000e+00 -7.132700e-01
2.655000e+00 -7.030110e-01
2.670000e+00 -6.924720e-01
2.685000e+00 -6.816590e-01
2.700000e+00 -6.705780e-01
2.715000e+00 -6.592350e-01
2.730000e+00 -6.476360e-01
2.745000e+00 -6.357880e-01
2.760000e+00 -6.236960e-01
2.775000e+00 -6.113670e-01
2.790000e+00 -5.988080e-01
2.805000e+00 -5.860250e-01
2.820000e+00 -5.730250e-01
2.835000e+00 -5.598150e-01
2.850000e+00 -5.464010e-01
2.865000e+00 -5.327900e-01
2.880000e+00 -5.189900e-01
2.895000e+00 -5.050070e-01
2.910000e+00 -4.908490e-01
2.925000e+00 -4.765220e-01
2.940000e+00 -4.620340e-01
2.955000e+00 -4.473920e-01
2.970000e+00 -4.326040e-01
2.985000e+00 -4.176760e-01
3.000000e+00 -4.026170e-01
3.015000e+00 -3.874330e-01
3.030000e+00 -3.721320e-01
3.045000e+00 -3.567220e-01
3.060000e+00 -3.412100e-01
3.075000e+00 -3.256030e-01
3.090000e+00 -3.099100e-01
3.105000e+00 -2.941370e-01
3.120000e+00 -2.782930e-01
3.135000e+00 -2.623840e-01
3.150000e+00 -2.464190e-01
3.165000e+00 -2.304060e-01
3.180000e+00 -2.143510e-01
3.195000e+00 -1.982620e-01
3.210000e+00 -1.821470e-01
3.225000e+00 -1.660130e-01
3.240000e+00 -1.498690e-01
3.255000e+00 -1.337210e-01
3.270000e+00 -1.175770e-01
3.285000e+00 -1.014440e-01
3.300000e+00 -8.532997e-02
3.315000e+00 -6.924197e-02
3.330000e+00 -5.318797e-02
3.345000e+00 -3.717497e-02
3.360000e+00 -2.120997e-02
3.375000e+00 -5.299966e-03
3.390000e+00 1.054703e-02
3.405000e+00 2.632403e-02
3.420000e+00 4.202503e-02
3.435000e+00 5.764203e-02
3.450000e+00 7.316803e-02
3.465000e+00 8.859703e-02
3.480000e+00 1.039210e-01
3.495000e+00 1.191350e-01
3.510000e+00 1.342310e-01
3.525000e+00 1.492030e-01
3.540000e+00 1.640440e-01
3.555000e+00 1.787480e-01
3.570000e+00 1.933080e-01
3.585000e+00 2.077190e-01
3.600000e+00 2.219750e-01
3.615000e+00 2.360690e-01
3.630000e+00 2.499950e-01
3.645000e+00 2.637480e-01
3.660000e+00 2.773210e-01
3.675000e+00 2.907100e-01
3.690000e+00 3.039080e-01
3.705000e+00 3.169110e-01
3.720000e+00 3.297130e-01
3.735000e+00 3.423090e-01
3.750000e+00 3.546930e-01
3.765000e+00 3.668620e-01
3.780000e+00 3.788090e-01
3.795000e+00 3.905310e-01
3.810000e+00 4.020230e-01
3.825000e+00 4.132800e-01
3.840000e+00 4.242980e-01
3.855000e+00 4.350730e-01
3.870000e+00 4.456000e-01
3.885000e+00 4.558770e-01
3.900000e+00 4.658980e-01
3.915000e+00 4.756610e-01
3.930000e+00 4.851620e-01
3.945000e+00 4.943980e-01
3.960000e+00 5.033640e-01
3.975000e+00 5.120590e-01
3.990000e+00 5.204790e-01
4.005000e+00 5.286210e-01
4.020000e+00 5.364830e-01
4.035000e+00 5.440620e-01
4.050000e+00 5.513560e-01
4.065000e+00 5.583620e-01
4.080000e+00 5.650780e-01
4.095000e+00 5.715020e-01
4.110000e+00 5.776340e-01
4.125000e+00 5.834690e-01
4.140000e+00 5.890090e-01
4.155000e+00 5.942500e-01
4.170000e+00 5.991910e-01
4.185000e+00 6.038320e-01
4.200000e+00 6.081720e-01
4.215000e+00 6.122090e-01
4.230000e+00 6.159440e-01
4.245000e+00 6.193750e-01
4.260000e+00 6.225020e-01
4.275000e+00 6.253250e-01
4.290000e+00 6.278430e-01
4.305000e+00 6.300580e-01
4.320000e+00 6.319690e-01
4.335000e+00 6.335760e-01
4.350000e+00 6.348800e-01
4.365000e+00 6.358820e-01
4.380000e+00 6.365820e-01
4.395000e+00 6.369810e-01
4.410000e+00 6.370800e-01
4.425000e+00 6.368800e-01
4.440000e+00 6.363840e-01
4.455000e+00 6.355910e-01
4.470000e+00 6.345040e-01
4.485000e+00 6.331240e-01
4.500000e+00 6.314540e-01
4.515000e+00 6.294950e-01
4.530000e+00 6.272490e-01
4.545000e+00 6.247190e-01
4.560000e+00 6.219060e-01
4.575000e+00 6.188140e-01
4.590000e+00 6.154450e-01
4.605000e+00 6.118020e-01
4.620000e+00 6.078860e-01
4.635000e+00 6.037030e-01
4.650000e+00 5.992540e-01
4.665000e+00 5.945420e-01
4.680000e+00 5.895720e-01
4.695000e+00 5.843450e-01
4.710000e+00 5.788670e-01
4.725000e+00 5.731400e-01
4.740000e+00 5.671680e-01
4.755000e+00 5.609560e-01
4.770000e+00 5.545060e-01
4.785000e+00 5.478230e-01
4.800000e+00 5.409110e-01
4.815000e+00 5.337740e-01
4.830000e+00 5.264160e-01
4.845000e+00 5.188430e-01
4.860000e+00 5.110570e-01
4.875000e+00 5.030650e-01
4.890000e+00 4.948690e-01
4.905000e+00 4.864760e-01
4.920000e+00 4.778900e-01
4.935000e+00 4.691150e-01
4.950000e+00 4.601570e-01
4.965000e+00 4.510210e-01
4.980000e+00 4.417110e-01
4.995000e+00 4.322320e-01
5.010000e+00 4.225910e-01
5.025000e+00 4.127910e-01
5.040000e+00 4.028390e-01
5.055000e+00 3.927400e-01
5.070000e+00 3.824980e-01
5.085000e+00 3.721200e-01
5.100000e+00 3.616110e-01
5.115000e+00 3.509760e-01
5.130000e+00 3.402210e-01
5.145000e+00 3.293510e-01
5.160000e+00 3.183720e-01
5.175000e+00 3.072900e-01
5.190000e+00 2.961110e-01
5.205000e+00 2.848390e-01
5.220000e+00 2.734810e-01
5.235000e+00 2.620420e-01
5.250000e+00 2.505280e-01
5.265000e+00 2.389450e-01
5.280000e+00 2.272990e-01
5.295000e+00 2.155950e-01
5.310000e+00 2.038390e-01
5.325000e+00 1.920360e-01
5.340000e+00 1.801940e-01
5.355000e+00 1.683170e-01
5.370000e+00 1.564100e-01
5.385000e+00 1.444810e-01
5.400000e+00 1.325340e-01
5.415000e+00 1.205760e-01
5.430000e+00 1.086110e-01
5.445000e+00 9.664603e-02
5.460000e+00 8.468603e-02
5.475000e+00 7.273803e-02
5.490000e+00 6.080503e-02
5.505000e+00 4.889503e-02
5.520000e+00 3.701203e-02
5.535000e+00 2.516303e-02
5.550000e+00 1.335103e-02
5.565000e+00 1.584034e-03
5.580000e+00 -1.013397e-02
5.595000e+00 -2.179697e-02
5.610000e+00 -3.339997e-02
5.625000e+00 -4.493797e-02
5.640000e+00 -5.640597e-02
5.655000e+00 -6.779797e-02
5.670000e+00 -7.910997e-02
5.685000e+00 -9.033597e-02
5.700000e+00 -1.014720e-01
5.715000e+00 -1.125120e-01
5.730000e+00 -1.234520e-01
5.745000e+00 -1.342870e-01
5.760000e+00 -1.450120e-01
5.775000e+00 -1.556240e-01
5.790000e+00 -1.661160e-01
5.805000e+00 -1.764850e-01
5.820000e+00 -1.867260e-01
5.835000e+00 -1.968360e-01
5.850000e+00 -2.068090e-01
5.865000e+00 -2.166410e-01
5.880000e+00 -2.263300e-01
5.895000e+00 -2.358700e-01
5.910000e+00 -2.452570e-01
5.925000e+00 -2.544880e-01
5.940000e+00 -2.635600e-01
5.955000e+00 -2.724680e-01
5.970000e+00 -2.812090e-01
5.985000e+00 -2.897790e-01
6.000000e+00 -2.981760e-01
6.015000e+00 -3.063950e-01
6.030000e+00 -3.144350e-01
6.045000e+00 -3.222910e-01
6.060000e+00 -3.299600e-01
6.075000e+00 -3.374410e-01
6.090000e+00 -3.447300e-01
6.105000e+00 -3.518240e-01
6.120000e+00 -3.587210e-01
6.135000e+00 -3.654190e-01
6.150000e+00 -3.719140e-01
6.165000e+00 -3.782060e-01
6.180000e+00 -3.842910e-01
6.195000e+00 -3.901680e-01
6.210000e+00 -3.958350e-01
6.225000e+00 -4.012900e-01
6.240000e+00 -4.065310e-01
6.255000e+00 -4.115560e-01
6.270000e+00 -4.163650e-01
6.285000e+00 -4.209560e-01
6.300000e+00 -4.253270e-01
6.315000e+00 -4.294770e-01
6.330000e+00 -4.334060e-01
6.345000e+00 -4.371120e-01
6.360000e+00 -4.405940e-01
6.375000e+00 -4.438530e-01
6.390000e+00 -4.468860e-01
6.405000e+00 -4.496940e-01
6.420000e+00 -4.522770e-01
6.435000e+00 -4.546330e-01
6.450000e+00 -4.567630e-01
6.465000e+00 -4.586670e-01
6.480000e+00 -4.603440e-01
6.495000e+00 -4.617960e-01
6.510000e+00 -4.630210e-01
6.525000e+00 -4.640210e-01
6.540000e+00 -4.647960e-01
6.555000e+00 -4.653460e-01
6.570000e+00 -4.656730e-01
6.585000e+00 -4.657760e-01
6.600000e+00 -4.656570e-01
6.615000e+00 -4.653170e-01
6.630000e+00 -4.647560e-01
6.645000e+00 -4.639770e-01
6.660000e+00 -4.629800e-01
6.675000e+00 -4.617660e-01
6.690000e+00 -4.603380e-01
6.705000e+00 -4.586960e-01
6.720000e+00 -4.568420e-01
6.735000e+00 -4.547790e-01
6.750000e+00 -4.525070e-01
6.765000e+00 -4.500290e-01
6.780000e+00 -4.473470e-01
6.795000e+00 -4.444630e-01
6.810000e+00 -4.413790e-01
6.825000e+00 -4.380980e-01
6.840000e+00 -4.346210e-01
6.855000e+00 -4.309520e-01
6.870000e+00 -4.270920e-01
6.885000e+00 -4.230450e-01
6.900000e+00 -4.188130e-01
6.915000e+00 -4.143990e-01
6.930000e+00 -4.098050e-01
6.945000e+00 -4.050350e-01
6.960000e+00 -4.000910e-01
6.975000e+00 -3.949780e-01
6.990000e+00 -3.896960e-01
7.005000e+00 -3.842510e-01
7.020000e+00 -3.786450e-01
7.035000e+00 -3.728820e-01
7.050000e+00 -3.669650e-01
7.065000e+00 -3.608960e-01
7.080000e+00 -3.546810e-01
7.095000e+00 -3.483220e-01
7.110000e+00 -3.418230e-01
7.125000e+00 -3.351880e-01
7.140000e+00 -3.284200e-01
7.155000e+00 -3.215230e-01
7.170000e+00 -3.145010e-01
7.185000e+00 -3.073580e-01
7.200000e+00 -3.000980e-01
7.215000e+00 -2.927240e-01
7.230000e+00 -2.852400e-01
7.245000e+00 -2.776510e-01
7.260000e+00 -2.699610e-01
7.275000e+00 -2.621730e-01
7.290000e+00 -2.542920e-01
7.305000e+00 -2.463210e-01
7.320000e+00 -2.382660e-01
7.335000e+00 -2.301300e-01
7.350000e+00 -2.219170e-01
7.365000e+00 -2.136320e-01
7.380000e+00 -2.052780e-01
7.395000e+00 -1.968600e-01
7.410000e+00 -1.883830e-01
7.425000e+00 -1.798500e-01
7.440000e+00 -1.712660e-01
7.455000e+00 -1.626350e-01
7.470000e+00 -1.539620e-01
7.485000e+00 -1.452500e-01
7.500000e+00 -1.365040e-01
7.515000e+00 -1.277280e-01
7.530000e+00 -1.189270e-01
7.545000e+00 -1.101040e-01
7.560000e+00 -1.012650e-01
7.575000e+00 -9.241297e-02
7.590000e+00 -8.355197e-02
7.605000e+00 -7.468697e-02
7.620000e+00 -6.582197e-02
7.635000e+00 -5.696197e-02
7.650000e+00 -4.810997e-02
7.665000e+00 -3.926997e-02
7.680000e+00 -3.044797e-02
7.695000e+00 -2.164597e-02
7.710000e+00 -1.286897e-02
7.725000e+00 -4.120966e-03
7.740000e+00 4.594034e-03
7.755000e+00 1.327203e-02
7.770000e+00 2.190903e-02
7.785000e+00 3.050103e-02
7.800000e+00 3.904403e-02
7.815000e+00 4.753403e-02
7.830000e+00 5.596803e-02
7.845000e+00 6.434203e-02
7.860000e+00 7.265203e-02
7.875000e+00 8.089403e-02
7.890000e+00 8.906503e-02
7.905000e+00 9.716103e-02
7.920000e+00 1.051780e-01
7.935000e+00 1.131140e-01
7.950000e+00 1.209640e-01
7.965000e+00 1.287260e-01
7.980000e+00 1.363960e-01
7.995000e+00 1.439700e-01
8.010000e+00 1.514460e-01
8.025000e+00 1.588200e-01
8.040000e+00 1.660890e-01
8.055000e+00 1.732510e-01
8.070000e+00 1.803020e-01
8.085000e+00 1.872390e-01
8.100000e+00 1.940600e-01
8.115000e+00 2.007620e-01
8.130000e+00 2.073420e-01
8.145000e+00 2.137970e-01
8.160000e+00 2.201250e-01
8.175000e+00 2.263240e-01
8.190000e+00 2.323910e-01
8.205000e+00 2.383230e-01
8.220000e+00 2.441190e-01
8.235000e+00 2.497760e-01
8.250000e+00 2.552930e-01
8.265000e+00 2.606660e-01
8.280000e+00 2.658940e-01
8.295000e+00 2.709760e-01
8.310000e+00 2.759090e-01
8.325000e+00 2.806920e-01
8.340000e+00 2.853220e-01
8.355000e+00 2.898000e-01
8.370000e+00 2.941220e-01
8.385000e+00 2.982870e-01
8.400000e+00 3.022950e-01
8.415000e+00 3.061440e-01
8.430000e+00 3.098320e-01
8.445000e+00 3.133590e-01
8.460000e+00 3.167240e-01
8.475000e+00 3.199250e-01
8.490000e+00 3.229620e-01
8.505000e+00 3.258340e-01
8.520000e+00 3.285410e-01
8.535000e+00 3.310810e-01
8.550000e+00 3.334550e-01
8.565000e+00 3.356610e-01
8.580000e+00 3.377000e-01
8.595000e+00 3.395700e-01
8.610000e+00 3.412730e-01
8.625000e+00 3.428080e-01
8.640000e+00 3.441740e-01
8.655000e+00 3.453720e-01
8.670000e+00 3.464020e-01
8.685000e+00 3.472640e-01
8.700000e+00 3.479580e-01
8.715000e+00 3.484850e-01
8.730000e+00 3.488450e-01
8.745000e+00 3.490390e-01
8.760000e+00 3.490670e-01
8.775000e+00 3.489300e-01
8.790000e+00 3.486290e-01
8.805000e+00 3.481640e-01
8.820000e+00 3.475360e-01
8.835000e+00 3.467460e-01
8.850000e+00 3.457960e-01
8.865000e+00 3.446870e-01
8.880000e+00 3.434180e-01
8.895000e+00 3.419930e-01
8.910000e+00 3.404120e-01
8.925000e+00 3.386760e-01
8.940000e+00 3.367880e-01
8.955000e+00 3.347470e-01
8.970000e+00 3.325570e-01
8.985000e+00 3.302190e-01
9.000000e+00 3.277340e-01
9.015000e+00 3.251040e-01
9.030000e+00 3.223310e-01
9.045000e+00 3.194170e-01
9.060000e+00 3.163640e-01
9.075000e+00 3.131740e-01
9.090000e+00 3.098490e-01
9.105000e+00 3.063910e-01
9.120000e+00 3.028020e-01
9.135000e+00 2.990850e-01
9.150000e+00 2.952420e-01
9.165000e+00 2.912740e-01
9.180000e+00 2.871850e-01
9.195000e+00 2.829770e-01
9.210000e+00 2.786530e-01
9.225000e+00 2.742140e-01
9.240000e+00 2.696640e-01
9.255000e+00 2.650050e-01
9.270000e+00 2.602400e-01
9.285000e+00 2.553710e-01
9.300000e+00 2.504010e-01
9.315000e+00 2.453330e-01
9.330000e+00 2.401700e-01
9.345000e+00 2.349150e-01
9.360000e+00 2.295700e-01
9.375000e+00 2.241380e-01
9.390000e+00 2.186230e-01
9.405000e+00 2.130260e-01
9.420000e+00 2.073520e-01
9.435000e+00 2.016040e-01
9.450000e+00 1.957830e-01
9.465000e+00 1.898940e-01
9.480000e+00 1.839390e-01
9.495000e+00 1.779210e-01
9.510000e+00 1.718440e-01
9.525000e+00 1.657110e-01
9.540000e+00 1.595240e-01
9.555000e+00 1.532880e-01
9.570000e+00 1.470040e-01
9.585000e+00 1.406770e-01
9.600000e+00 1.343090e-01
9.615000e+00 1.279040e-01
9.630000e+00 1.214650e-01
9.645000e+00 1.149940e-01
9.660000e+00 1.084960e-01
9.675000e+00 1.019730e-01
9.690000e+00 9.542903e-02
9.705000e+00 8.886703e-02
9.720000e+00 8.228903e-02
9.735000e+00 7.570003e-02
9.750000e+00 6.910203e-02
9.765000e+00 6.249903e-02
9.780000e+00 5.589303e-02
9.795000e+00 4.928803e-02
9.810000e+00 4.268703e-02
9.825000e+00 3.609203e-02
9.840000e+00 2.950803e-02
9.855000e+00 2.293703e-02
9.870000e+00 1.638303e-02
9.885000e+00 9.847034e-03
9.900000e+00 3.334034e-03
9.915000e+00 -3.153966e-03
9.930000e+00 -9.612966e-03
9.945000e+00 -1.604197e-02
9.960000e+00 -2.243597e-02
9.975000e+00 -2.879297e-02
9.990000e+00 -3.510997e-02
1.000500e+01 -4.138497e-02
1.002000e+01 -4.761397e-02
1.003500e+01 -5.379497e-02
1.005000e+01 -5.992497e-02
1.006500e+01 -6.600097e-02
1.008000e+01 -7.201997e-02
1.009500e+01 -7.798097e-02
1.011000e+01 -8.387997e-02
1.012500e+01 -8.971497e-02
1.014000e+01 -9.548297e-02
1.015500e+01 -1.011820e-01
1.017000e+01 -1.068100e-01
1.018500e+01 -1.123640e-01
1.020000e+01 -1.178410e-01
1.021500e+01 -1.232400e-01
1.023000e+01 -1.285580e-01
1.024500e+01 -1.337940e-01
1.026000e+01 -1.389440e-01
1.027500e+01 -1.440070e-01
1.029000e+01 -1.489810e-01
1.030500e+01 -1.538630e-01
1.032000e+01 -1.586530e-01
1.033500e+01 -1.633470e-01
1.035000e+01 -1.679440e-01
1.036500e+01 -1.724430e-01
1.038000e+01 -1.768410e-01
1.039500e+01 -1.811380e-01
1.041000e+01 -1.853300e-01
1.042500e+01 -1.894170e-01
1.044000e+01 -1.933980e-01
1.045500e+01 -1.972700e-01
1.047000e+01 -2.010320e-01
1.048500e+01 -2.046840e-01
1.050000e+01 -2.082230e-01
1.051500e+01 -2.116490e-01
1.053000e+01 -2.149600e-01
1.054500e+01 -2.181560e-01
1.056000e+01 -2.212340e-01
1.057500e+01 -2.241950e-01
1.059000e+01 -2.270370e-01
1.060500e+01 -2.297600e-01
1.062000e+01 -2.323620e-01
1.063500e+01 -2.348430e-01
1.065000e+01 -2.372030e-01
1.066500e+01 -2.394400e-01
1.068000e+01 -2.415540e-01
1.069500e+01 -2.435440e-01
1.071000e+01 -2.454100e-01
1.072500e+01 -2.471530e-01
1.074000e+01 -2.487700e-01
1.075500e+01 -2.502630e-01
1.077000e+01 -2.516310e-01
1.078500e+01 -2.528730e-01
1.080000e+01 -2.539900e-01
1.081500e+01 -2.549820e-01
1.083000e+01 -2.558480e-01
1.084500e+01 -2.565890e-01
1.086000e+01 -2.572060e-01
1.087500e+01 -2.576970e-01
1.089000e+01 -2.580640e-01
1.090500e+01 -2.583070e-01
1.092000e+01 -2.584250e-01
1.093500e+01 -2.584210e-01
1.095000e+01 -2.582940e-01
1.096500e+01 -2.580440e-01
1.098000e+01 -2.576720e-01
1.099500e+01 -2.571800e-01
1.101000e+01 -2.565670e-01
1.102500e+01 -2.558350e-01
1.104000e+01 -2.549840e-01
1.105500e+01 -2.540150e-01
1.107000e+01 -2.529300e-01
1.108500e+01 -2.517280e-01
1.110000e+01 -2.504120e-01
1.111500e+01 -2.489820e-01
1.113000e+01 -2.474390e-01
1.114500e+01 -2.457850e-01
1.116000e+01 -2.440210e-01
1.117500e+01 -2.421480e-01
1.119000e+01 -2.401670e-01
1.120500e+01 -2.380800e-01
1.122000e+01 -2.358880e-01
1.123500e+01 -2.335930e-01
1.125000e+01 -2.311970e-01
1.126500e+01 -2.287000e-01
1.128000e+01 -2.261040e-01
1.129500e+01 -2.234110e-01
1.131000e+01 -2.206230e-01
1.132500e+01 -2.177420e-01
1.134000e+01 -2.147680e-01
1.135500e+01 -2.117040e-01
1.137000e+01 -2.085520e-01
1.138500e+01 -2.053140e-01
1.140000e+01 -2.019910e-01
1.141500e+01 -1.985850e-01
1.143000e+01 -1.950990e-01
1.144500e+01 -1.915340e-01
1.146000e+01 -1.878920e-01
1.147500e+01 -1.841760e-01
1.149000e+01 -1.803870e-01
1.150500e+01 -1.765270e-01
1.152000e+01 -1.726000e-01
1.153500e+01 -1.686050e-01
1.155000e+01 -1.645470e-01
1.156500e+01 -1.604270e-01
1.158000e+01 -1.562470e-01
1.159500e+01 -1.520100e-01
1.161000e+01 -1.477180e-01
1.162500e+01 -1.433720e-01
1.164000e+01 -1.389760e-01
1.165500e+01 -1.345310e-01
1.167000e+01 -1.300410e-01
1.168500e+01 -1.255060e-01
1.170000e+01 -1.209300e-01
1.171500e+01 -1.163150e-01
1.173000e+01 -1.116630e-01
1.174500e+01 -1.069770e-01
1.176000e+01 -1.022590e-01
1.177500e+01 -9.751097e-02
1.179000e+01 -9.273497e-02
1.180500e+01 -8.793497e-02
1.182000e+01 -8.311197e-02
1.183500e+01 -7.826897e-02
1.185000e+01 -7.340797e-02
1.186500e+01 -6.853197e-02
1.188000e+01 -6.364297e-02
1.189500e+01 -5.874297e-02
1.191000e+01 -5.383397e-02
1.192500e+01 -4.891997e-02
1.194000e+01 -4.400197e-02
1.195500e+01 -3.908297e-02
1.197000e+01 -3.416397e-02
1.198500e+01 -2.924997e-02
1.200000e+01 -2.434097e-02
1.201500e+01 -1.943897e-02
1.203000e+01 -1.454897e-02
1.204500e+01 -9.670966e-03
1.206000e+01 -4.806966e-03
1.207500e+01 3.903383e-05
1.209000e+01 4.866034e-03
1.210500e+01 9.671034e-03
1.212000e+01 1.445303e-02
1.213500e+01 1.920903e-02
1.215000e+01 2.393703e-02
1.216500e+01 2.863403e-02
1.218000e+01 3.329903e-02
1.219500e+01 3.793003e-02
1.221000e+01 4.252503e-02
1.222500e+01 4.708103e-02
1.224000e+01 5.159703e-02
1.225500e+01 5.607003e-02
1.227000e+01 6.049903e-02
1.228500e+01 6.488203e-02
1.230000e+01 6.921603e-02
1.231500e+01 7.350103e-02
1.233000e+01 7.773303e-02
1.234500e+01 8.191203e-02
1.236000e+01 8.603603e-02
1.237500e+01 9.010203e-02
1.239000e+01 9.411003e-02
1.240500e+01 9.805703e-02
1.242000e+01 1.019420e-01
1.243500e+01 1.057630e-01
1.245000e+01 1.095190e-01
1.246500e+01 1.132080e-01
1.248000e+01 1.168290e-01
1.249500e+01 1.203800e-01
1.251000e+01 1.238600e-01
1.252500e+01 1.272680e-01
1.254000e+01 1.306020e-01
1.255500e+01 1.338600e-01
1.257000e+01 1.370430e-01
1.258500e+01 1.401480e-01
1.260000e+01 1.431740e-01
1.261500e+01 1.461210e-01
1.263000e+01 1.489860e-01
1.264500e+01 1.517700e-01
1.266000e+01 1.544710e-01
1.267500e+01 1.570880e-01
1.269000e+01 1.596210e-01
1.270500e+01 1.620680e-01
1.272000e+01 1.644280e-01
1.273500e+01 1.667020e-01
1.275000e+01 1.688870e-01
1.276500e+01 1.709840e-01
1.278000e+01 1.729920e-01
1.279500e+01 1.749100e-01
1.281000e+01 1.767380e-01
1.282500e+01 1.784740e-01
1.284000e+01 1.801200e-01
1.285500e+01 1.816740e-01
1.287000e+01 1.831360e-01
1.288500e+01 1.845050e-01
1.290000e+01 1.857820e-01
1.291500e+01 1.869660e-01
1.293000e+01 1.880570e-01
1.294500e+01 1.890550e-01
1.296000e+01 1.899590e-01
1.297500e+01 1.907710e-01
1.299000e+01 1.914880e-01
1.300500e+01 1.921130e-01
1.302000e+01 1.926440e-01
1.303500e+01 1.930820e-01
1.305000e+01 1.934280e-01
1.306500e+01 1.936800e-01
1.308000e+01 1.938400e-01
1.309500e+01 1.939080e-01
1.311000e+01 1.938850e-01
1.312500e+01 1.937690e-01
1.314000e+01 1.935630e-01
1.315500e+01 1.932660e-01
1.317000e+01 1.928790e-01
1.318500e+01 1.924030e-01
1.320000e+01 1.918380e-01
1.321500e+01 1.911840e-01
1.323000e+01 1.904430e-01
1.324500e+01 1.896160e-01
1.326000e+01 1.887020e-01
1.327500e+01 1.877020e-01
1.329000e+01 1.866180e-01
1.330500e+01 1.854510e-01
1.332000e+01 1.842000e-01
1.333500e+01 1.828680e-01
1.335000e+01 1.814550e-01
1.336500e+01 1.799620e-01
1.338000e+01 1.783900e-01
1.339500e+01 1.767400e-01
1.341000e+01 1.750140e-01
1.342500e+01 1.732120e-01
1.344000e+01 1.713360e-01
1.345500e+01 1.693860e-01
1.347000e+01 1.673640e-01
1.348500e+01 1.652720e-01
1.350000e+01 1.631100e-01
1.351500e+01 1.608800e-01
1.353000e+01 1.585840e-01
1.354500e+01 1.562210e-01
1.356000e+01 1.537950e-01
1.357500e+01 1.513060e-01
1.359000e+01 1.487560e-01
1.360500e+01 1.461460e-01
1.362000e+01 1.434780e-01
1.363500e+01 1.407520e-01
1.365000e+01 1.379720e-01
1.366500e+01 1.351380e-01
1.368000e+01 1.322520e-01
1.369500e+01 1.293150e-01
1.371000e+01 1.263290e-01
1.372500e+01 1.232960e-01
1.374000e+01 1.202170e-01
1.375500e+01 1.170940e-01
1.377000e+01 1.139280e-01
1.378500e+01 1.107220e-01
1.380000e+01 1.074770e-01
1.381500e+01 1.041940e-01
1.383000e+01 1.008750e-01
1.384500e+01 9.752303e-02
1.386000e+01 9.413803e-02
1.387500e+01 9.072303e-02
1.389000e+01 8.727903e-02
1.390500e+01 8.380803e-02
1.392000e+01 8.031203e-02
1.393500e+01 7.679203e-02
1.395000e+01 7.325103e-02
1.396500e+01 6.968903e-02
1.398000e+01 6.611003e-02
1.399500e+01 6.251403e-02
1.401000e+01 5.890303e-02
1.402500e+01 5.528003e-02
1.404000e+01 5.164503e-02
1.405500e+01 4.800103e-02
1.407000e+01 4.434903e-02
1.408500e+01 4.069203e-02
1.410000e+01 3.703003e-02
1.411500e+01 3.336703e-02
1.413000e+01 2.970203e-02
1.414500e+01 2.603903e-02
1.416000e+01 2.237903e-02
1.417500e+01 1.872303e-02
1.419000e+01 1.507403e-02
1.420500e+01 1.143203e-02
1.422000e+01 7.801034e-03
1.423500e+01 4.181034e-03
1.425000e+01 5.740338e-04
1.426500e+01 -3.018966e-03
1.428000e+01 -6.593966e-03
1.429500e+01 -1.015197e-02
1.431000e+01 -1.369097e-02
1.432500e+01 -1.720797e-02
1.434000e+01 -2.070197e-02
1.435500e+01 -2.417197e-02
1.437000e+01 -2.761597e-02
1.438500e+01 -3.103197e-02
1.440000e+01 -3.441997e-02
1.441500e+01 -3.777697e-02
1.443000e+01 -4.110197e-02
1.444500e+01 -4.439397e-02
1.446000e+01 -4.765097e-02
1.447500e+01 -5.087197e-02
1.449000e+01 -5.405497e-02
1.450500e+01 -5.719897e-02
1.452000e+01 -6.030397e-02
1.453500e+01 -6.336597e-02
1.455000e+01 -6.638597e-02
1.456500e+01 -6.936197e-02
1.458000e+01 -7.229197e-02
1.459500e+01 -7.517597e-02
1.461000e+01 -7.801197e-02
1.462500e+01 -8.079897e-02
1.464000e+01 -8.353597e-02
1.465500e+01 -8.622297e-02
1.467000e+01 -8.885697e-02
1.468500e+01 -9.143797e-02
1.470000e+01 -9.396397e-02
1.471500e+01 -9.643597e-02
1.473000e+01 -9.885097e-02
1.474500e+01 -1.012090e-01
1.476000e+01 -1.035100e-01
1.477500e+01 -1.057520e-01
1.479000e+01 -1.079340e-01
1.480500e+01 -1.100550e-01
1.482000e+01 -1.121160e-01
1.483500e+01 -1.141150e-01
1.485000e+01 -1.160510e-01
1.486500e+01 -1.179240e-01
1.488000e+01 -1.197330e-01
1.489500e+01 -1.214770e-01
1.491000e+01 -1.231570e-01
1.492500e+01 -1.247710e-01
1.494000e+01 -1.263190e-01
1.495500e+01 -1.278000e-01
1.497000e+01 -1.292150e-01
1.498500e+01 -1.305620e-01
1.500000e+01 -1.318410e-01
1.501500e+01 -1.330520e-01
1.503000e+01 -1.341950e-01
1.504500e+01 -1.352700e-01
1.506000e+01 -1.362750e-01
1.507500e+01 -1.372120e-01
1.509000e+01 -1.380790e-01
1.510500e+01 -1.388770e-01
1.512000e+01 -1.396050e-01
1.513500e+01 -1.402640e-01
1.515000e+01 -1.408540e-01
1.516500e+01 -1.413740e-01
1.518000e+01 -1.418240e-01
1.519500e+01 -1.422060e-01
1.521000e+01 -1.425170e-01
1.522500e+01 -1.427600e-01
1.524000e+01 -1.429330e-01
1.525500e+01 -1.430380e-01
1.527000e+01 -1.430740e-01
1.528500e+01 -1.430420e-01
1.530000e+01 -1.429420e-01
1.531500e+01 -1.427740e-01
1.533000e+01 -1.425390e-01
1.534500e+01 -1.422370e-01
1.536000e+01 -1.418680e-01
1.537500e+01 -1.414330e-01
1.539000e+01 -1.409330e-01
1.540500e+01 -1.403670e-01
1.542000e+01 -1.397370e-01
1.543500e+01 -1.390430e-01
1.545000e+01 -1.382850e-01
1.546500e+01 -1.374650e-01
1.548000e+01 -1.365820e-01
1.549500e+01 -1.356380e-01
1.551000e+01 -1.346330e-01
1.552500e+01 -1.335680e-01
1.554000e+01 -1.324430e-01
1.555500e+01 -1.312600e-01
1.557000e+01 -1.300200e-01
1.558500e+01 -1.287220e-01
1.560000e+01 -1.273680e-01
1.561500e+01 -1.259590e-01
1.563000e+01 -1.244960e-01
1.564500e+01 -1.229790e-01
1.566000e+01 -1.214100e-01
1.567500e+01 -1.197890e-01
1.569000e+01 -1.181180e-01
1.570500e+01 -1.163970e-01
1.572000e+01 -1.146270e-01
1.573500e+01 -1.128100e-01
1.575000e+01 -1.109470e-01
1.576500e+01 -1.090380e-01
1.578000e+01 -1.070850e-01
1.579500e+01 -1.050890e-01
1.581000e+01 -1.030510e-01
1.582500e+01 -1.009720e-01
1.584000e+01 -9.885297e-02
1.585500e+01 -9.669497e-02
1.587000e+01 -9.449997e-02
1.588500e+01 -9.226897e-02
1.590000e+01 -9.000297e-02
1.591500e+01 -8.770297e-02
1.593000e+01 -8.536997e-02
1.594500e+01 -8.300597e-02
1.596000e+01 -8.061197e-02
1.597500e+01 -7.818997e-02
1.599000e+01 -7.573897e-02
1.600500e+01 -7.326297e-02
1.602000e+01 -7.076097e-02
1.603500e+01 -6.823497e-02
1.605000e+01 -6.568697e-02
1.606500e+01 -6.311797e-02
1.608000e+01 -6.052997e-02
1.609500e+01 -5.792197e-02
1.611000e+01 -5.529797e-02
1.612500e+01 -5.265697e-02
1.614000e+01 -5.000197e-02
1.615500e+01 -4.733397e-02
1.617000e+01 -4.465397e-02
1.618500e+01 -4.196297e-02
1.620000e+01 -3.926297e-02
1.621500e+01 -3.655397e-02
1.623000e+01 -3.383997e-02
1.624500e+01 -3.111897e-02
1.626000e+01 -2.839497e-02
1.627500e+01 -2.566797e-02
1.629000e+01 -2.293997e-02
1.630500e+01 -2.021097e-02
1.632000e+01 -1.748397e-02
1.633500e+01 -1.475897e-02
1.635000e+01 -1.203797e-02
1.636500e+01 -9.320966e-03
1.638000e+01 -6.611966e-03
1.639500e+01 -3.908966e-03
1.641000e+01 -1.215966e-03
1.642500e+01 1.468034e-03
1.644000e+01 4.140034e-03
1.645500e+01 6.800034e-03
1.647000e+01 9.446034e-03
1.648500e+01 1.207803e-02
1.650000e+01 1.469303e-02
1.651500e+01 1.729103e-02
1.653000e+01 1.987003e-02
1.654500e+01 2.243003e-02
1.656000e+01 2.497003e-02
1.657500e+01 2.748703e-02
1.659000e+01 2.998203e-02
1.660500e+01 3.245203e-02
1.662000e+01 3.489803e-02
1.663500e+01 3.731703e-02
1.665000e+01 3.970903e-02
1.666500e+01 4.207303e-02
1.668000e+01 4.440803e-02
1.669500e+01 4.671303e-02
1.671000e+01 4.898603e-02
1.672500e+01 5.122703e-02
1.674000e+01 5.343603e-02
1.675500e+01 5.561003e-02
1.677000e+01 5.774903e-02
1.678500e+01 5.985303e-02
1.680000e+01 6.192003e-02
1.681500e+01 6.395003e-02
1.683000e+01 6.594103e-02
1.684500e+01 6.789403e-02
1.686000e+01 6.980703e-02
1.687500e+01 7.167903e-02
1.689000e+01 7.351003e-02
1.690500e+01 7.529903e-02
1.692000e+01 7.704503e-02
1.693500e+01 7.874803e-02
1.695000e+01 8.040803e-02
1.696500e+01 8.202203e-02
1.698000e+01 8.359203e-02
1.699500e+01 8.511603e-02
1.701000e+01 8.659303e-02
1.702500e+01 8.802403e-02
1.704000e+01 8.940803e-02
1.705500e+01 9.074403e-02
1.707000e+01 9.203303e-02
1.708500e+01 9.327203e-02
1.710000e+01 9.446303e-02
1.711500e+01 9.560403e-02
1.713000e+01 9.669603e-02
1.714500e+01 9.773803e-02
1.716000e+01 9.872903e-02
1.717500e+01 9.967003e-02
1.719000e+01 1.005610e-01
1.720500e+01 1.014000e-01
1.722000e+01 1.021880e-01
1.723500e+01 1.029250e-01
1.725000e+01 1.036110e-01
1.726500e+01 1.042450e-01
1.728000e+01 1.048270e-01
1.729500e+01 1.053580e-01
1.731000e+01 1.058360e-01
1.732500e+01 1.062640e-01
1.734000e+01 1.066390e-01
1.735500e+01 1.069620e-01
1.737000e+01 1.072340e-01
1.738500e+01 1.074550e-01
1.740000e+01 1.076230e-01
1.741500e+01 1.077410e-01
1.743000e+01 1.078070e-01
1.744500e+01 1.078220e-01
1.746000e+01 1.077870e-01
1.747500e+01 1.077000e-01
1.749000e+01 1.075640e-01
1.750500e+01 1.073770e-01
1.752000e+01 1.071410e-01
1.753500e+01 1.068550e-01
1.755000e+01 1.065200e-01
1.756500e+01 1.061360e-01
1.758000e+01 1.057030e-01
1.759500e+01 1.052230e-01
1.761000e+01 1.046950e-01
1.762500e+01 1.041200e-01
1.764000e+01 1.034980e-01
1.765500e+01 1.028300e-01
1.767000e+01 1.021170e-01
1.768500e+01 1.013580e-01
1.770000e+01 1.005550e-01
1.771500e+01 9.970703e-02
1.773000e+01 9.881603e-02
1.774500e+01 9.788303e-02
1.776000e+01 9.690603e-02
1.777500e+01 9.588903e-02
1.779000e+01 9.483003e-02
1.780500e+01 9.373103e-02
1.782000e+01 9.259203e-02
1.783500e+01 9.141503e-02
1.785000e+01 9.019903e-02
1.786500e+01 8.894603e-02
1.788000e+01 8.765603e-02
1.789500e+01 8.633003e-02
1.791000e+01 8.496903e-02
1.792500e+01 8.357403e-02
1.794000e+01 8.214503e-02
1.795500e+01 8.068303e-02
1.797000e+01 7.918903e-02
1.798500e+01 7.766403e-02
1.800000e+01 7.610903e-02
1.801500e+01 7.452403e-02
1.803000e+01 7.291103e-02
1.804500e+01 7.127003e-02
1.806000e+01 6.960203e-02
1.807500e+01 6.790903e-02
1.809000e+01 6.619003e-02
1.810500e+01 6.444803e-02
1.812000e+01 6.268203e-02
1.813500e+01 6.089403e-02
1.815000e+01 5.908503e-02
1.816500e+01 5.725603e-02
1.818000e+01 5.540703e-02
1.819500e+01 5.354003e-02
1.821000e+01 5.165603e-02
1.822500e+01 4.975403e-02
1.824000e+01 4.783803e-02
1.825500e+01 4.590703e-02
1.827000e+01 4.396203e-02
1.828500e+01 4.200503e-02
1.830000e+01 4.003603e-02
1.831500e+01 3.805603e-02
1.833000e+01 3.606703e-02
1.834500e+01 3.406903e-02
1.836000e+01 3.206403e-02
1.837500e+01 3.005203e-02
1.839000e+01 2.803403e-02
1.840500e+01 2.601103e-02
1.842000e+01 2.398503e-02
1.843500e+01 2.195503e-02
1.845000e+01 1.992403e-02
1.846500e+01 1.789203e-02
1.848000e+01 1.586103e-02
1.849500e+01 1.383003e-02
1.851000e+01 1.180103e-02
1.852500e+01 9.776034e-03
1.854000e+01 7.754034e-03
1.855500e+01 5.737034e-03
1.857000e+01 3.726034e-03
1.858500e+01 1.722034e-03
1.860000e+01 -2.739662e-04
1.861500e+01 -2.261966e-03
1.863000e+01 -4.240966e-03
1.864500e+01 -6.208966e-03
1.866000e+01 -8.165966e-03
1.867500e+01 -1.010997e-02
1.869000e+01 -1.204197e-02
1.870500e+01 -1.395897e-02
1.872000e+01 -1.586197e-02
1.873500e+01 -1.774897e-02
1.875000e+01 -1.961997e-02
1.876500e+01 -2.147397e-02
1.878000e+01 -2.330897e-02
1.879500e+01 -2.512597e-02
1.881000e+01 -2.692297e-02
1.882500e+01 -2.869897e-02
1.884000e+01 -3.045497e-02
1.885500e+01 -3.218797e-02
1.887000e+01 -3.389897e-02
1.888500e+01 -3.558597e-02
1.890000e+01 -3.724997e-02
1.891500e+01 -3.888797e-02
1.893000e+01 -4.050197e-02
1.894500e+01 -4.208897e-02
1.896000e+01 -4.364897e-02
1.897500e+01 -4.518197e-02
1.899000e+01 -4.668697e-02
1.900500e+01 -4.816297e-02
1.902000e+01 -4.960997e-02
1.903500e+01 -5.102697e-02
1.905000e+01 -5.241397e-02
1.906500e+01 -5.377097e-02
1.908000e+01 -5.509597e-02
1.909500e+01 -5.638897e-02
1.911000e+01 -5.764897e-02
1.912500e+01 -5.887697e-02
1.914000e+01 -6.007197e-02
1.915500e+01 -6.123297e-02
1.917000e+01 -6.235897e-02
1.918500e+01 -6.345197e-02
1.920000e+01 -6.450897e-02
1.921500e+01 -6.553097e-02
1.923000e+01 -6.651797e-02
1.924500e+01 -6.746897e-02
1.926000e+01 -6.838297e-02
1.927500e+01 -6.926097e-02
1.929000e+01 -7.010297e-02
1.930500e+01 -7.090697e-02
1.932000e+01 -7.167397e-02
1.933500e+01 -7.240397e-02
1.935000e+01 -7.309597e-02
1.936500e+01 -7.374997e-02
1.938000e+01 -7.436597e-02
1.939500e+01 -7.494397e-02
1.941000e+01 -7.548397e-02
1.942500e+01 -7.598597e-02
1.944000e+01 -7.644897e-02
1.945500e+01 -7.687297e-02
1.947000e+01 -7.725897e-02
1.948500e+01 -7.760697e-02
1.950000e+01 -7.791597e-02
1.951500e+01 -7.818597e-02
1.953000e+01 -7.841797e-02
1.954500e+01 -7.861197e-02
1.956000e+01 -7.876697e-02
1.957500e+01 -7.888397e-02
1.959000e+01 -7.896197e-02
1.960500e+01 -7.900197e-02
1.962000e+01 -7.900497e-02
1.963500e+01 -7.896997e-02
1.965000e+01 -7.889597e-02
1.966500e+01 -7.878597e-02
1.968000e+01 -7.863797e-02
1.969500e+01 -7.845297e-02
1.971000e+01 -7.823197e-02
1.972500e+01 -7.797397e-02
1.974000e+01 -7.767897e-02
1.975500e+01 -7.734897e-02
1.977000e+01 -7.698297e-02
1.978500e+01 -7.658197e-02
1.980000e+01 -7.614497e-02
1.981500e+01 -7.567397e-02
1.983000e+01 -7.516897e-02
1.984500e+01 -7.462897e-02
1.986000e+01 -7.405597e-02
1.987500e+01 -7.344997e-02
1.989000e+01 -7.281197e-02
1.990500e+01 -7.214097e-02
1.992000e+01 -7.143797e-02
1.993500e+01 -7.070397e-02
1.995000e+01 -6.993897e-02
1.996500e+01 -6.914297e-02
1.998000e+01 -6.831797e-02
1.999500e+01 -6.746297e-02
2.001000e+01 -6.657897e-02
2.002500e+01 -6.566697e-02
2.004000e+01 -6.472797e-02
2.005500e+01 -6.376097e-02
2.007000e+01 -6.276697e-02
2.008500e+01 -6.174797e-02
2.010000e+01 -6.070197e-02
2.011500e+01 -5.963197e-02
2.013000e+01 -5.853797e-02
2.014500e+01 -5.741997e-02
2.016000e+01 -5.627897e-02
2.017500e+01 -5.511597e-02
2.019000e+01 -5.393097e-02
2.020500e+01 -5.272397e-02
2.022000e+01 -5.149797e-02
2.023500e+01 -5.025097e-02
2.025000e+01 -4.898597e-02
2.026500e+01 -4.770197e-02
2.028000e+01 -4.639997e-02
2.029500e+01 -4.508097e-02
2.031000e+01 -4.374597e-02
2.032500e+01 -4.239497e-02
2.034000e+01 -4.102897e-02
2.035500e+01 -3.964897e-02
2.037000e+01 -3.825597e-02
2.038500e+01 -3.684897e-02
2.040000e+01 -3.543097e-02
2.041500e+01 -3.400097e-02
2.043000e+01 -3.255997e-02
2.044500e+01 -3.110997e-02
2.046000e+01 -2.964997e-02
2.047500e+01 -2.818197e-02
2.049000e+01 -2.670597e-02
2.050500e+01 -2.522297e-02
2.052000e+01 -2.373397e-02
2.053500e+01 -2.223897e-02
2.055000e+01 -2.073997e-02
2.056500e+01 -1.923597e-02
2.058000e+01 -1.772897e-02
2.059500e+01 -1.621897e-02
2.061000e+01 -1.470797e-02
2.062500e+01 -1.319497e-02
2.064000e+01 -1.168197e-02
2.065500e+01 -1.016897e-02
2.067000e+01 -8.656966e-03
2.068500e+01 -7.146966e-03
2.070000e+01 -5.638966e-03
2.071500e+01 -4.133966e-03
2.073000e+01 -2.632966e-03
2.074500e+01 -1.136966e-03
2.076000e+01 3.540338e-04
2.077500e+01 1.840034e-03
2.079000e+01 3.319034e-03
2.080500e+01 4.790034e-03
2.082000e+01 6.254034e-03
2.083500e+01 7.709034e-03
2.085000e+01 9.155034e-03
2.086500e+01 1.059103e-02
2.088000e+01 1.201703e-02
2.089500e+01 1.343103e-02
2.091000e+01 1.483403e-02
2.092500e+01 1.622403e-02
2.094000e+01 1.760103e-02
2.095500e+01 1.896503e-02
2.097000e+01 2.031403e-02
2.098500e+01 2.164903e-02
2.100000e+01 2.296803e-02
2.101500e+01 2.427203e-02
2.103000e+01 2.555903e-02
2.104500e+01 2.682903e-02
2.106000e+01 2.808103e-02
2.107500e+01 2.931603e-02
2.109000e+01 3.053103e-02
2.110500e+01 3.172803e-02
2.112000e+01 3.290503e-02
2.113500e+01 3.406303e-02
2.115000e+01 3.519903e-02
2.116500e+01 3.631503e-02
2.118000e+01 3.740903e-02
2.119500e+01 3.848203e-02
2.121000e+01 3.953203e-02
2.122500e+01 4.056003e-02
2.124000e+01 4.156403e-02
2.125500e+01 4.254503e-02
2.127000e+01 4.350303e-02
2.128500e+01 4.443603e-02
2.130000e+01 4.534403e-02
2.131500e+01 4.622803e-02
2.133000e+01 4.708703e-02
2.134500e+01 4.792003e-02
2.136000e+01 4.872703e-02
2.137500e+01 4.950903e-02
2.139000e+01 5.026403e-02
2.140500e+01 5.099203e-02
2.142000e+01 5.169403e-02
2.143500e+01 5.236903e-02
2.145000e+01 5.301603e-02
2.146500e+01 5.363603e-02
2.148000e+01 5.422903e-02
2.149500e+01 5.479303e-02
2.151000e+01 5.533003e-02
2.152500e+01 5.583903e-02
2.154000e+01 5.631903e-02
2.155500e+01 5.677203e-02
2.157000e+01 5.719603e-02
2.158500e+01 5.759103e-02
2.160000e+01 5.795803e-02
2.161500e+01 5.829603e-02
2.163000e+01 5.860503e-02
2.164500e+01 5.888603e-02
2.166000e+01 5.913803e-02
2.167500e+01 5.936103e-02
2.169000e+01 5.955603e-02
2.170500e+01 5.972203e-02
2.172000e+01 5.985903e-02
2.173500e+01 5.996803e-02
2.175000e+01 6.004803e-02
2.176500e+01 6.010003e-02
2.178000e+01 6.012403e-02
2.179500e+01 6.011903e-02
2.181000e+01 6.008603e-02
2.182500e+01 6.002503e-02
2.184000e+01 5.993603e-02
2.185500e+01 5.982003e-02
2.187000e+01 5.967603e-02
2.188500e+01 5.950403e-02
2.190000e+01 5.930603e-02
2.191500e+01 5.908003e-02
2.193000e+01 5.882803e-02
2.194500e+01 5.854903e-02
2.196000e+01 5.824403e-02
2.197500e+01 5.791303e-02
2.199000e+01 5.755603e-02
2.200500e+01 5.717403e-02
2.202000e+01 5.676603e-02
2.203500e+01 5.633403e-02
2.205000e+01 5.587703e-02
2.206500e+01 5.539503e-02
2.208000e+01 5.489003e-02
2.209500e+01 5.436103e-02
2.211000e+01 5.380903e-02
2.212500e+01 5.323403e-02
2.214000e+01 5.263603e-02
2.215500e+01 5.201603e-02
2.217000e+01 5.137503e-02
2.218500e+01 5.071203e-02
2.220000e+01 5.002803e-02
2.221500e+01 4.932303e-02
2.223000e+01 4.859803e-02
2.224500e+01 4.785403e-02
2.226000e+01 4.709003e-02
2.227500e+01 4.630703e-02
2.229000e+01 4.550603e-02
2.230500e+01 4.468703e-02
2.232000e+01 4.385003e-02
2.233500e+01 4.299603e-02
2.235000e+01 4.212603e-02
2.236500e+01 4.124003e-02
2.238000e+01 4.033803e-02
2.239500e+01 3.942103e-02
2.241000e+01 3.848903e-02
2.242500e+01 3.754403e-02
2.244000e+01 3.658403e-02
2.245500e+01 3.561203e-02
2.247000e+01 3.462703e-02
2.248500e+01 3.363003e-02
2.250000e+01 3.262103e-02
2.251500e+01 3.160103e-02
2.253000e+01 3.057103e-02
2.254500e+01 2.953103e-02
2.256000e+01 2.848203e-02
2.257500e+01 2.742303e-02
2.259000e+01 2.635603e-02
2.260500e+01 2.528203e-02
2.262000e+01 2.420003e-02
2.263500e+01 2.311103e-02
2.265000e+01 2.201703e-02
2.266500e+01 2.091603e-02
2.268000e+01 1.981103e-02
2.269500e+01 1.870103e-02
2.271000e+01 1.758703e-02
2.272500e+01 1.646903e-02
2.274000e+01 1.534903e-02
2.275500e+01 1.422603e-02
2.277000e+01 1.310103e-02
2.278500e+01 1.197503e-02
2.280000e+01 1.084903e-02
2.281500e+01 9.722034e-03
2.283000e+01 8.595034e-03
2.284500e+01 7.469034e-03
2.286000e+01 6.345034e-03
2.287500e+01 5.223034e-03
2.289000e+01 4.103034e-03
2.290500e+01 2.986034e-03
2.292000e+01 1.872034e-03
2.293500e+01 7.620338e-04
2.295000e+01 -3.429662e-04
2.296500e+01 -1.442966e-03
2.298000e+01 -2.536966e-03
2.299500e+01 -3.625966e-03
2.301000e+01 -4.707966e-03
2.302500e+01 -5.782966e-03
2.304000e+01 -6.850966e-03
2.305500e+01 -7.909966e-03
2.307000e+01 -8.961966e-03
2.308500e+01 -1.000397e-02
2.310000e+01 -1.103697e-02
2.311500e+01 -1.206097e-02
2.313000e+01 -1.307397e-02
2.314500e+01 -1.407597e-02
2.316000e+01 -1.506697e-02
2.317500e+01 -1.604697e-02
2.319000e+01 -1.701497e-02
2.320500e+01 -1.797097e-02
2.322000e+01 -1.891297e-02
2.323500e+01 -1.984297e-02
2.325000e+01 -2.075897e-02
2.326500e+01 -2.166097e-02
2.328000e+01 -2.254897e-02
2.329500e+01 -2.342197e-02
2.331000e+01 -2.428097e-02
2.332500e+01 -2.512297e-02
2.334000e+01 -2.595097e-02
2.335500e+01 -2.676197e-02
2.337000e+01 -2.755697e-02
2.338500e+01 -2.833497e-02
2.340000e+01 -2.909597e-02
2.341500e+01 -2.983997e-02
2.343000e+01 -3.056697e-02
2.344500e+01 -3.127497e-02
2.346000e+01 -3.196597e-02
2.347500e+01 -3.263797e-02
2.349000e+01 -3.329197e-02
2.350500e+01 -3.392697e-02
2.352000e+01 -3.454297e-02
2.353500e+01 -3.513997e-02
2.355000e+01 -3.571697e-02
2.356500e+01 -3.627497e-02
2.358000e+01 -3.681297e-02
2.359500e+01 -3.733097e-02
2.361000e+01 -3.782797e-02
2.362500e+01 -3.830597e-02
2.364000e+01 -3.876297e-02
2.365500e+01 -3.919897e-02
2.367000e+01 -3.961497e-02
2.368500e+01 -4.000997e-02
2.370000e+01 -4.038397e-02
2.371500e+01 -4.073597e-02
2.373000e+01 -4.106797e-02
2.374500e+01 -4.137897e-02
2.376000e+01 -4.166797e-02
2.377500e+01 -4.193597e-02
2.379000e+01 -4.218297e-02
2.380500e+01 -4.240897e-02
2.382000e+01 -4.261297e-02
2.383500e+01 -4.279597e-02
2.385000e+01 -4.295697e-02
2.386500e+01 -4.309697e-02
2.388000e+01 -4.321497e-02
2.389500e+01 -4.331297e-02
2.391000e+01 -4.338897e-02
2.392500e+01 -4.344397e-02
2.394000e+01 -4.347697e-02
2.395500e+01 -4.348997e-02
2.397000e+01 -4.348097e-02
2.398500e+01 -4.345197e-02
2.400000e+01 -4.340097e-02
2.401500e+01 -4.332997e-02
2.403000e+01 -4.323897e-02
2.404500e+01 -4.312697e-02
2.406000e+01 -4.299397e-02
2.407500e+01 -4.284197e-02
2.409000e+01 -4.266897e-02
2.410500e+01 -4.247697e-02
2.412000e+01 -4.226397e-02
2.413500e+01 -4.203297e-02
2.415000e+01 -4.178197e-02
2.416500e+01 -4.151097e-02
2.418000e+01 -4.122197e-02
2.419500e+01 -4.091397e-02
2.421000e+01 -4.058797e-02
2.422500e+01 -4.024297e-02
2.424000e+01 -3.988097e-02
2.425500e+01 -3.949997e-02
2.427000e+01 -3.910197e-02
2.428500e+01 -3.868697e-02
2.430000e+01 -3.825497e-02
2.431500e+01 -3.780597e-02
2.433000e+01 -3.733997e-02
2.434500e+01 -3.685897e-02
2.436000e+01 -3.636097e-02
2.437500e+01 -3.584797e-02
2.439000e+01 -3.531997e-02
2.440500e+01 -3.477697e-02
2.442000e+01 -3.421897e-02
2.443500e+01 -3.364697e-02
2.445000e+01 -3.305997e-02
2.446500e+01 -3.246097e-02
2.448000e+01 -3.184797e-02
2.449500e+01 -3.122097e-02
2.451000e+01 -3.058297e-02
2.452500e+01 -2.993197e-02
2.454000e+01 -2.926897e-02
2.455500e+01 -2.859497e-02
2.457000e+01 -2.790897e-02
2.458500e+01 -2.721297e-02
2.460000e+01 -2.650597e-02
2.461500e+01 -2.578897e-02
2.463000e+01 -2.506297e-02
2.464500e+01 -2.432697e-02
2.466000e+01 -2.358297e-02
2.467500e+01 -2.282997e-02
2.469000e+01 -2.206797e-02
2.470500e+01 -2.129897e-02
2.472000e+01 -2.052297e-02
2.473500e+01 -1.973997e-02
2.475000e+01 -1.894997e-02
2.476500e+01 -1.815397e-02
2.478000e+01 -1.735297e-02
2.479500e+01 -1.654597e-02
2.481000e+01 -1.573397e-02
2.482500e+01 -1.491797e-02
2.484000e+01 -1.409697e-02
2.485500e+01 -1.327297e-02
2.487000e+01 -1.244597e-02
2.488500e+01 -1.161597e-02
2.490000e+01 -1.078297e-02
2.491500e+01 -9.947966e-03
2.493000e+01 -9.111966e-03
2.494500e+01 -8.273966e-03
2.496000e+01 -7.434966e-03
2.497500e+01 -6.595966e-03
2.499000e+01 -5.756966e-03
2.500500e+01 -4.917966e-03
2.502000e+01 -4.079966e-03
2.503500e+01 -3.242966e-03
2.505000e+01 -2.406966e-03
2.506500e+01 -1.573966e-03
2.508000e+01 -7.419662e-04
2.509500e+01 8.603383e-05
2.511000e+01 9.120338e-04
2.512500e+01 1.734034e-03
2.514000e+01 2.552034e-03
2.515500e+01 3.366034e-03
2.517000e+01 4.176034e-03
2.518500e+01 4.981034e-03
2.520000e+01 5.780034e-03
2.521500e+01 6.574034e-03
2.523000e+01 7.361034e-03
2.524500e+01 8.143034e-03
2.526000e+01 8.918034e-03
2.527500e+01 9.685034e-03
2.529000e+01 1.044603e-02
2.530500e+01 1.119803e-02
2.532000e+01 1.194303e-02
2.533500e+01 1.267903e-02
2.535000e+01 1.340703e-02
2.536500e+01 1.412503e-02
2.538000e+01 1.483503e-02
2.539500e+01 1.553503e-02
2.541000e+01 1.622503e-02
2.542500e+01 1.690403e-02
2.544000e+01 1.757403e-02
2.545500e+01 1.823203e-02
2.547000e+01 1.888003e-02
2.548500e+01 1.951703e-02
2.550000e+01 2.014203e-02
2.551500e+01 2.075503e-02
2.553000e+01 2.135603e-02
2.554500e+01 2.194503e-02
2.556000e+01 2.252203e-02
2.557500e+01 2.308603e-02
2.559000e+01 2.363703e-02
2.560500e+01 2.417503e-02
2.562000e+01 2.469903e-02
2.563500e+01 2.521003e-02
2.565000e+01 2.570803e-02
2.566500e+01 2.619203e-02
2.568000e+01 2.666103e-02
2.569500e+01 2.711603e-02
2.571000e+01 2.755703e-02
2.572500e+01 2.798403e-02
2.574000e+01 2.839603e-02
2.575500e+01 2.879303e-02
2.577000e+01 2.917503e-02
2.578500e+01 2.954203e-02
2.580000e+01 2.989403e-02
2.581500e+01 3.023103e-02
2.583000e+01 3.055203e-02
2.584500e+01 3.085803e-02
2.586000e+01 3.114903e-02
2.587500e+01 3.142303e-02
2.589000e+01 3.168303e-02
2.590500e+01 3.192603e-02
2.592000e+01 3.215403e-02
2.593500e+01 3.236503e-02
2.595000e+01 3.256103e-02
2.596500e+01 3.274203e-02
2.598000e+01 3.290603e-02
2.599500e+01 3.305403e-02
2.601000e+01 3.318603e-02
2.602500e+01 3.330303e-02
2.604000e+01 3.340303e-02
2.605500e+01 3.348803e-02
2.607000e+01 3.355703e-02
2.608500e+01 3.360903e-02
2.610000e+01 3.364703e-02
2.611500e+01 3.366803e-02
2.613000e+01 3.367303e-02
2.614500e+01 3.366303e-02
2.616000e+01 3.363803e-02
2.617500e+01 3.359703e-02
2.619000e+01 3.354003e-02
2.620500e+01 3.346903e-02
2.622000e+01 3.338203e-02
2.623500e+01 3.327903e-02
2.625000e+01 3.316203e-02
2.626500e+01 3.303003e-02
2.628000e+01 3.288303e-02
2.629500e+01 3.272203e-02
2.631000e+01 3.254603e-02
2.632500e+01 3.235603e-02
2.634000e+01 3.215103e-02
2.635500e+01 3.193203e-02
2.637000e+01 3.170003e-02
2.638500e+01 3.145403e-02
2.640000e+01 3.119403e-02
2.641500e+01 3.092103e-02
2.643000e+01 3.063403e-02
2.644500e+01 3.033503e-02
2.646000e+01 3.002303e-02
2.647500e+01 2.969803e-02
2.649000e+01 2.936003e-02
2.650500e+01 2.901103e-02
2.652000e+01 2.864903e-02
2.653500e+01 2.827603e-02
2.655000e+01 2.789203e-02
2.656500e+01 2.749503e-02
2.658000e+01 2.708803e-02
2.659500e+01 2.667003e-02
2.661000e+01 2.624203e-02
2.662500e+01 2.580303e-02
2.664000e+01 2.535403e-02
2.665500e+01 2.489503e-02
2.667000e+01 2.442703e-02
2.668500e+01 2.394903e-02
2.670000e+01 2.346203e-02
2.671500e+01 2.296603e-02
2.673000e+01 2.246203e-02
2.674500e+01 2.195003e-02
2.676000e+01 2.142903e-02
2.677500e+01 2.090103e-02
2.679000e+01 2.036603e-02
2.680500e+01 1.982303e-02
2.682000e+01 1.927403e-02
2.683500e+01 1.871803e-02
2.685000e+01 1.815503e-02
2.686500e+01 1.758703e-02
2.688000e+01 1.701303e-02
2.689500e+01 1.643403e-02
2.691000e+01 1.584903e-02
2.692500e+01 1.526003e-02
2.694000e+01 1.466603e-02
2.695500e+01 1.406903e-02
2.697000e+01 1.346703e-02
2.698500e+01 1.286103e-02
2.700000e+01 1.225303e-02
2.701500e+01 1.164103e-02
2.703000e+01 1.102703e-02
2.704500e+01 1.041003e-02
2.706000e+01 9.791034e-03
2.707500e+01 9.171034e-03
2.709000e+01 8.549034e-03
2.710500e+01 7.925034e-03
2.712000e+01 7.301034e-03
2.713500e+01 6.677034e-03
2.715000e+01 6.052034e-03
2.716500e+01 5.427034e-03
2.718000e+01 4.802034e-03
2.719500e+01 4.178034e-03
2.721000e+01 3.555034e-03
2.722500e+01 2.933034e-03
2.724000e+01 2.313034e-03
2.725500e+01 1.694034e-03
2.727000e+01 1.078034e-03
2.728500e+01 4.630338e-04
2.730000e+01 -1.479662e-04
2.731500e+01 -7.569662e-04
2.733000e+01 -1.361966e-03
2.734500e+01 -1.964966e-03
2.736000e+01 -2.562966e-03
2.737500e+01 -3.156966e-03
2.739000e+01 -3.746966e-03
2.740500e+01 -4.332966e-03
2.742000e+01 -4.913966e-03
2.743500e+01 -5.488966e-03
2.745000e+01 -6.059966e-03
2.746500e+01 -6.624966e-03
2.748000e+01 -7.183966e-03
2.749500e+01 -7.736966e-03
2.751000e+01 -8.283966e-03
2.752500e+01 -8.823966e-03
2.754000e+01 -9.357966e-03
2.755500e+01 -9.883966e-03
2.757000e+01 -1.040397e-02
2.758500e+01 -1.091597e-02
2.760000e+01 -1.141997e-02
2.761500e+01 -1.191697e-02
2.763000e+01 -1.240597e-02
2.764500e+01 -1.288597e-02
2.766000e+01 -1.335797e-02
2.767500e+01 -1.382097e-02
2.769000e+01 -1.427597e-02
2.770500e+01 -1.472197e-02
2.772000e+01 -1.515797e-02
2.773500e+01 -1.558497e-02
2.775000e+01 -1.600297e-02
2.776500e+01 -1.641097e-02
2.778000e+01 -1.680897e-02
2.779500e+01 -1.719797e-02
2.781000e+01 -1.757597e-02
2.782500e+01 -1.794397e-02
2.784000e+01 -1.830197e-02
2.785500e+01 -1.864897e-02
2.787000e+01 -1.898597e-02
2.788500e+01 -1.931197e-02
2.790000e+01 -1.962697e-02
2.791500e+01 -1.993097e-02
2.793000e+01 -2.022397e-02
2.794500e+01 -2.050597e-02
2.796000e+01 -2.077697e-02
2.797500e+01 -2.103597e-02
2.799000e+01 -2.128397e-02
2.800500e+01 -2.152097e-02
2.802000e+01 -2.174597e-02
2.803500e+01 -2.195997e-02
2.805000e+01 -2.216097e-02
2.806500e+01 -2.235197e-02
2.808000e+01 -2.252997e-02
2.809500e+01 -2.269697e-02
2.811000e+01 -2.285197e-02
2.812500e+01 -2.299497e-02
2.814000e+01 -2.312597e-02
2.815500e+01 -2.324597e-02
2.817000e+01 -2.335397e-02
2.818500e+01 -2.344897e-02
2.820000e+01 -2.353297e-02
2.821500e+01 -2.360497e-02
2.823000e+01 -2.366597e-02
2.824500e+01 -2.371397e-02
2.826000e+01 -2.375097e-02
2.827500e+01 -2.377497e-02
2.829000e+01 -2.378897e-02
2.830500e+01 -2.378997e-02
2.832000e+01 -2.377997e-02
2.833500e+01 -2.375797e-02
2.835000e+01 -2.372497e-02
2.836500e+01 -2.367997e-02
2.838000e+01 -2.362397e-02
2.839500e+01 -2.355697e-02
2.841000e+01 -2.347797e-02
2.842500e+01 -2.338797e-02
2.844000e+01 -2.328697e-02
2.845500e+01 -2.317497e-02
2.847000e+01 -2.305197e-02
2.848500e+01 -2.291897e-02
2.850000e+01 -2.277497e-02
2.851500e+01 -2.261997e-02
2.853000e+01 -2.245397e-02
2.854500e+01 -2.227897e-02
2.856000e+01 -2.209297e-02
2.857500e+01 -2.189697e-02
2.859000e+01 -2.169197e-02
2.860500e+01 -2.147597e-02
2.862000e+01 -2.125097e-02
2.863500e+01 -2.101597e-02
2.865000e+01 -2.077197e-02
2.866500e+01 -2.051897e-02
2.868000e+01 -2.025597e-02
2.869500e+01 -1.998497e-02
2.871000e+01 -1.970497e-02
2.872500e+01 -1.941597e-02
2.874000e+01 -1.911997e-02
2.875500e+01 -1.881397e-02
2.877000e+01 -1.850097e-02
2.878500e+01 -1.817997e-02
2.880000e+01 -1.785197e-02
2.881500e+01 -1.751597e-02
2.883000e+01 -1.717197e-02
2.884500e+01 -1.682197e-02
2.886000e+01 -1.646397e-02
2.887500e+01 -1.609997e-02
2.889000e+01 -1.572997e-02
2.890500e+01 -1.535297e-02
2.892000e+01 -1.496997e-02
2.893500e+01 -1.458097e-02
2.895000e+01 -1.418597e-02
2.896500e+01 -1.378597e-02
2.898000e+01 -1.338097e-02
2.899500e+01 -1.296997e-02
2.901000e+01 -1.255497e-02
2.902500e+01 -1.213497e-02
2.904000e+01 -1.171097e-02
2.905500e+01 -1.128297e-02
2.907000e+01 -1.084997e-02
2.908500e+01 -1.041397e-02
2.910000e+01 -9.974966e-03
2.911500e+01 -9.531966e-03
2.913000e+01 -9.085966e-03
2.914500e+01 -8.636966e-03
2.916000e+01 -8.185966e-03
2.917500e+01 -7.731966e-03
2.919000e+01 -7.275966e-03
2.920500e+01 -6.817966e-03
2.922000e+01 -6.357966e-03
2.923500e+01 -5.896966e-03
2.925000e+01 -5.434966e-03
2.926500e+01 -4.970966e-03
2.928000e+01 -4.506966e-03
2.929500e+01 -4.041966e-03
2.931000e+01 -3.576966e-03
2.932500e+01 -3.110966e-03
2.934000e+01 -2.645966e-03
2.935500e+01 -2.180966e-03
2.937000e+01 -1.715966e-03
2.938500e+01 -1.252966e-03
2.940000e+01 -7.899662e-04
2.941500e+01 -3.279662e-04
2.943000e+01 1.320338e-04
2.944500e+01 5.910338e-04
2.946000e+01 1.048034e-03
2.947500e+01 1.503034e-03
2.949000e+01 1.956034e-03
2.950500e+01 2.406034e-03
2.952000e+01 2.854034e-03
2.953500e+01 3.299034e-03
2.955000e+01 3.741034e-03
2.956500e+01 4.180034e-03
2.958000e+01 4.615034e-03
2.959500e+01 5.046034e-03
2.961000e+01 5.474034e-03
2.962500e+01 5.898034e-03
2.964000e+01 6.318034e-03
2.965500e+01 6.733034e-03
2.967000e+01 7.144034e-03
2.968500e+01 7.550034e-03
2.970000e+01 7.951034e-03
2.971500e+01 8.347034e-03
2.973000e+01 8.738034e-03
2.974500e+01 9.124034e-03
2.976000e+01 9.504034e-03
2.977500e+01 9.878034e-03
2.979000e+01 1.024703e-02
2.980500e+01 1.060903e-02
2.982000e+01 1.096603e-02
2.983500e+01 1.131603e-02
2.985000e+01 1.165903e-02
2.986500e+01 1.199603e-02
2.988000e+01 1.232603e-02
2.989500e+01 1.265003e-02
2.991000e+01 1.296603e-02
2.992500e+01 1.327603e-02
2.994000e+01 1.357803e-02
2.995500e+01 1.387303e-02
2.997000e+01 1.416003e-02
2.998500e+01 1.444003e-02
3.000000e+01 1.471303e-02
3.001500e+01 1.497703e-02
3.003000e+01 1.523403e-02
3.004500e+01 1.548303e-02
3.006000e+01 1.572403e-02
3.007500e+01 1.595603e-02
3.009000e+01 1.618103e-02
3.010500e+01 1.639703e-02
3.012000e+01 1.660503e-02
3.013500e+01 1.680503e-02
3.015000e+01 1.699603e-02
3.016500e+01 1.717903e-02
3.018000e+01 1.735303e-02
3.019500e+01 1.751903e-02
3.021000e+01 1.767603e-02
3.022500e+01 1.782403e-02
3.024000e+01 1.796403e-02
3.025500e+01 1.809503e-02
3.027000e+01 1.821703e-02
3.028500e+01 1.833003e-02
3.030000e+01 1.843503e-02
3.031500e+01 1.853103e-02
3.033000e+01 1.861703e-02
3.034500e+01 1.869603e-02
3.036000e+01 1.876503e-02
3.037500e+01 1.882503e-02
3.039000e+01 1.887703e-02
3.040500e+01 1.892003e-02
3.042000e+01 1.895403e-02
3.043500e+01 1.897903e-02
3.045000e+01 1.899503e-02
3.046500e+01 1.900303e-02
3.048000e+01 1.900203e-02
3.049500e+01 1.899203e-02
3.051000e+01 1.897403e-02
3.052500e+01 1.894703e-02
3.054000e+01 1.891203e-02
3.055500e+01 1.886803e-02
3.057000e+01 1.881603e-02
3.058500e+01 1.875603e-02
3.060000e+01 1.868703e-02
3.061500e+01 1.861003e-02
3.063000e+01 1.852403e-02
3.064500e+01 1.843103e-02
3.066000e+01 1.833003e-02
3.067500e+01 1.822003e-02
3.069000e+01 1.810303e-02
3.070500e+01 1.797803e-02
3.072000e+01 1.784603e-02
3.073500e+01 1.770603e-02
3.075000e+01 1.755803e-02
3.076500e+01 1.740303e-02
3.078000e+01 1.724103e-02
3.079500e+01 1.707203e-02
3.081000e+01 1.689503e-02
3.082500e+01 1.671203e-02
3.084000e+01 1.652103e-02
3.085500e+01 1.632503e-02
3.087000e+01 1.612103e-02
3.088500e+01 1.591103e-02
3.090000e+01 1.569503e-02
3.091500e+01 1.547203e-02
3.093000e+01 1.524303e-02
3.094500e+01 1.500903e-02
3.096000e+01 1.476803e-02
3.097500e+01 1.452203e-02
3.099000e+01 1.427103e-02
3.100500e+01 1.401403e-02
3.102000e+01 1.375203e-02
3.103500e+01 1.348403e-02
3.105000e+01 1.321203e-02
3.106500e+01 1.293503e-02
3.108000e+01 1.265303e-02
3.109500e+01 1.236703e-02
3.111000e+01 1.207603e-02
3.112500e+01 1.178103e-02
3.114000e+01 1.148203e-02
3.115500e+01 1.118003e-02
3.117000e+01 1.087303e-02
3.118500e+01 1.056303e-02
3.120000e+01 1.025003e-02
3.121500e+01 9.933034e-03
3.123000e+01 9.613034e-03
3.124500e+01 9.291034e-03
3.126000e+01 8.965034e-03
3.127500e+01 8.637034e-03
3.129000e+01 8.307034e-03
3.130500e+01 7.974034e-03
3.132000e+01 7.640034e-03
3.133500e+01 7.303034e-03
3.135000e+01 6.965034e-03
3.136500e+01 6.625034e-03
3.138000e+01 6.283034e-03
3.139500e+01 5.941034e-03
3.141000e+01 5.597034e-03
3.142500e+01 5.253034e-03
3.144000e+01 4.907034e-03
3.145500e+01 4.561034e-03
3.147000e+01 4.215034e-03
3.148500e+01 3.869034e-03
3.150000e+01 3.522034e-03
3.151500e+01 3.176034e-03
3.153000e+01 2.829034e-03
3.154500e+01 2.483034e-03
3.156000e+01 2.138034e-03
3.157500e+01 1.794034e-03
3.159000e+01 1.450034e-03
3.160500e+01 1.107034e-03
3.162000e+01 7.660338e-04
3.163500e+01 4.260338e-04
3.165000e+01 8.803383e-05
3.166500e+01 -2.489662e-04
3.168000e+01 -5.839662e-04
3.169500e+01 -9.169662e-04
3.171000e+01 -1.247966e-03
3.172500e+01 -1.575966e-03
3.174000e+01 -1.902966e-03
3.175500e+01 -2.225966e-03
3.177000e+01 -2.546966e-03
3.178500e+01 -2.864966e-03
3.180000e+01 -3.179966e-03
3.181500e+01 -3.491966e-03
3.183000e+01 -3.799966e-03
3.184500e+01 -4.104966e-03
3.186000e+01 -4.406966e-03
3.187500e+01 -4.704966e-03
3.189000e+01 -4.998966e-03
3.190500e+01 -5.288966e-03
3.192000e+01 -5.574966e-03
3.193500e+01 -5.856966e-03
3.195000e+01 -6.134966e-03
3.196500e+01 -6.407966e-03
3.198000e+01 -6.676966e-03
3.199500e+01 -6.941966e-03
3.201000e+01 -7.200966e-03
3.202500e+01 -7.455966e-03
3.204000e+01 -7.705966e-03
3.205500e+01 -7.949966e-03
3.207000e+01 -8.189966e-03
3.208500e+01 -8.424966e-03
3.210000e+01 -8.653966e-03
3.211500e+01 -8.877966e-03
3.213000e+01 -9.095966e-03
3.214500e+01 -9.308966e-03
3.216000e+01 -9.515966e-03
3.217500e+01 -9.716966e-03
3.219000e+01 -9.912966e-03
3.220500e+01 -1.010297e-02
3.222000e+01 -1.028697e-02
3.223500e+01 -1.046497e-02
3.225000e+01 -1.063597e-02
3.226500e+01 -1.080197e-02
3.228000e+01 -1.096197e-02
3.229500e+01 -1.111497e-02
3.231000e+01 -1.126297e-02
3.232500e+01 -1.140397e-02
3.234000e+01 -1.153797e-02
3.235500e+01 -1.166597e-02
3.237000e+01 -1.178797e-02
3.238500e+01 -1.190397e-02
3.240000e+01 -1.201297e-02
3.241500e+01 -1.211497e-02
3.243000e+01 -1.221097e-02
3.244500e+01 -1.229997e-02
3.246000e+01 -1.238297e-02
3.247500e+01 -1.245997e-02
3.249000e+01 -1.252897e-02
3.250500e+01 -1.259297e-02
3.252000e+01 -1.264897e-02
3.253500e+01 -1.269897e-02
3.255000e+01 -1.274297e-02
3.256500e+01 -1.277997e-02
3.258000e+01 -1.280997e-02
3.259500e+01 -1.283397e-02
3.261000e+01 -1.285097e-02
3.262500e+01 -1.286197e-02
3.264000e+01 -1.286597e-02
3.265500e+01 -1.286397e-02
3.267000e+01 -1.285497e-02
3.268500e+01 -1.283997e-02
3.270000e+01 -1.281897e-02
3.271500e+01 -1.279097e-02
3.273000e+01 -1.275697e-02
3.274500e+01 -1.271597e-02
3.276000e+01 -1.266997e-02
3.277500e+01 -1.261697e-02
3.279000e+01 -1.255797e-02
3.280500e+01 -1.249297e-02
3.282000e+01 -1.242197e-02
3.283500e+01 -1.234597e-02
3.285000e+01 -1.226297e-02
3.286500e+01 -1.217397e-02
3.288000e+01 -1.207997e-02
3.289500e+01 -1.197997e-02
3.291000e+01 -1.187397e-02
3.292500e+01 -1.176297e-02
3.294000e+01 -1.164597e-02
3.295500e+01 -1.152397e-02
3.297000e+01 -1.139697e-02
3.298500e+01 -1.126397e-02
3.300000e+01 -1.112597e-02
3.301500e+01 -1.098397e-02
3.303000e+01 -1.083597e-02
3.304500e+01 -1.068297e-02
3.306000e+01 -1.052497e-02
3.307500e+01 -1.036297e-02
3.309000e+01 -1.019597e-02
3.310500e+01 -1.002497e-02
3.312000e+01 -9.848966e-03
3.313500e+01 -9.668966e-03
3.315000e+01 -9.484966e-03
3.316500e+01 -9.296966e-03
3.318000e+01 -9.104966e-03
3.319500e+01 -8.907966e-03
3.321000e+01 -8.707966e-03
3.322500e+01 -8.504966e-03
3.324000e+01 -8.297966e-03
3.325500e+01 -8.086966e-03
3.327000e+01 -7.872966e-03
3.328500e+01 -7.655966e-03
3.330000e+01 -7.434966e-03
3.331500e+01 -7.211966e-03
3.333000e+01 -6.985966e-03
3.334500e+01 -6.756966e-03
3.336000e+01 -6.525966e-03
3.337500e+01 -6.291966e-03
3.339000e+01 -6.054966e-03
3.340500e+01 -5.816966e-03
3.342000e+01 -5.575966e-03
3.343500e+01 -5.332966e-03
3.345000e+01 -5.088966e-03
3.346500e+01 -4.841966e-03
3.348000e+01 -4.593966e-03
3.349500e+01 -4.343966e-03
3.351000e+01 -4.092966e-03
3.352500e+01 -3.840966e-03
3.354000e+01 -3.587966e-03
3.355500e+01 -3.332966e-03
3.357000e+01 -3.077966e-03
3.358500e+01 -2.821966e-03
3.360000e+01 -2.564966e-03
3.361500e+01 -2.307966e-03
3.363000e+01 -2.049966e-03
3.364500e+01 -1.791966e-03
3.366000e+01 -1.533966e-03
3.367500e+01 -1.275966e-03
3.369000e+01 -1.017966e-03
3.370500e+01 -7.599662e-04
3.372000e+01 -5.029662e-04
3.373500e+01 -2.459662e-04
3.375000e+01 1.103383e-05
3.376500e+01 2.660338e-04
3.378000e+01 5.210338e-04
3.379500e+01 7.750338e-04
3.381000e+01 1.028034e-03
3.382500e+01 1.280034e-03
3.384000e+01 1.530034e-03
3.385500e+01 1.780034e-03
3.387000e+01 2.027034e-03
3.388500e+01 2.273034e-03
3.390000e+01 2.517034e-03
3.391500e+01 2.760034e-03
3.393000e+01 3.000034e-03
3.394500e+01 3.239034e-03
3.396000e+01 3.475034e-03
3.397500e+01 3.709034e-03
3.399000e+01 3.941034e-03
3.400500e+01 4.170034e-03
3.402000e+01 4.396034e-03
3.403500e+01 4.620034e-03
3.405000e+01 4.842034e-03
3.406500e+01 5.060034e-03
3.408000e+01 5.275034e-03
3.409500e+01 5.488034e-03
3.411000e+01 5.697034e-03
3.412500e+01 5.903034e-03
3.414000e+01 6.106034e-03
3.415500e+01 6.305034e-03
3.417000e+01 6.501034e-03
3.418500e+01 6.694034e-03
3.420000e+01 6.883034e-03
3.421500e+01 7.068034e-03
3.423000e+01 7.249034e-03
3.424500e+01 7.427034e-03
3.426000e+01 7.601034e-03
3.427500e+01 7.770034e-03
3.429000e+01 7.936034e-03
3.430500e+01 8.098034e-03
3.432000e+01 8.255034e-03
3.433500e+01 8.408034e-03
3.435000e+01 8.557034e-03
3.436500e+01 8.702034e-03
3.438000e+01 8.842034e-03
3.439500e+01 8.978034e-03
3.441000e+01 9.110034e-03
3.442500e+01 9.237034e-03
3.444000e+01 9.359034e-03
3.445500e+01 9.477034e-03
3.447000e+01 9.590034e-03
3.448500e+01 9.699034e-03
3.450000e+01 9.803034e-03
3.451500e+01 9.902034e-03
3.453000e+01 9.996034e-03
3.454500e+01 1.008603e-02
3.456000e+01 1.017103e-02
3.457500e+01 1.025103e-02
3.459000e+01 1.032603e-02
3.460500e+01 1.039603e-02
3.462000e+01 1.046103e-02
3.463500e+01 1.052203e-02
3.465000e+01 1.057803e-02
3.466500e+01 1.062903e-02
3.468000e+01 1.067403e-02
3.469500e+01 1.071503e-02
3.471000e+01 1.075203e-02
3.472500e+01 1.078303e-02
3.474000e+01 1.080903e-02
3.475500e+01 1.083103e-02
3.477000e+01 1.084703e-02
3.478500e+01 1.085903e-02
3.480000e+01 1.086603e-02
3.481500e+01 1.086803e-02
3.483000e+01 1.086503e-02
3.484500e+01 1.085703e-02
3.486000e+01 1.084503e-02
3.487500e+01 1.082803e-02
3.489000e+01 1.080603e-02
3.490500e+01 1.078003e-02
3.492000e+01 1.074903e-02
3.493500e+01 1.071303e-02
3.495000e+01 1.067203e-02
3.496500e+01 1.062803e-02
3.498000e+01 1.057803e-02
3.499500e+01 1.052403e-02
3.501000e+01 1.046603e-02
3.502500e+01 1.040303e-02
3.504000e+01 1.033603e-02
3.505500e+01 1.026503e-02
3.507000e+01 1.019003e-02
3.508500e+01 1.011003e-02
3.510000e+01 1.002603e-02
3.511500e+01 9.938034e-03
3.513000e+01 9.847034e-03
3.514500e+01 9.751034e-03
3.516000e+01 9.651034e-03
3.517500e+01 9.548034e-03
3.519000e+01 9.440034e-03
3.520500e+01 9.329034e-03
3.522000e+01 9.215034e-03
3.523500e+01 9.097034e-03
3.525000e+01 8.975034e-03
3.526500e+01 8.850034e-03
3.528000e+01 8.722034e-03
3.529500e+01 8.590034e-03
3.531000e+01 8.455034e-03
3.532500e+01 8.317034e-03
3.534000e+01 8.176034e-03
3.535500e+01 8.033034e-03
3.537000e+01 7.886034e-03
3.538500e+01 7.736034e-03
3.540000e+01 7.584034e-03
3.541500e+01 7.429034e-03
3.543000e+01 7.272034e-03
3.544500e+01 7.112034e-03
3.546000e+01 6.949034e-03
3.547500e+01 6.785034e-03
3.549000e+01 6.618034e-03
3.550500e+01 6.449034e-03
3.552000e+01 6.278034e-03
3.553500e+01 6.105034e-03
3.555000e+01 5.931034e-03
3.556500e+01 5.754034e-03
3.558000e+01 5.576034e-03
3.559500e+01 5.397034e-03
3.561000e+01 5.215034e-03
3.562500e+01 5.033034e-03
3.564000e+01 4.849034e-03
3.565500e+01 4.664034e-03
3.567000e+01 4.478034e-03
3.568500e+01 4.291034e-03
3.570000e+01 4.103034e-03
3.571500e+01 3.914034e-03
3.573000e+01 3.724034e-03
3.574500e+01 3.534034e-03
3.576000e+01 3.343034e-03
3.577500e+01 3.152034e-03
3.579000e+01 2.960034e-03
3.580500e+01 2.768034e-03
3.582000e+01 2.576034e-03
3.583500e+01 2.384034e-03
3.585000e+01 2.192034e-03
3.586500e+01 1.999034e-03
3.588000e+01 1.807034e-03
3.589500e+01 1.616034e-03
3.591000e+01 1.424034e-03
3.592500e+01 1.234034e-03
3.594000e+01 1.043034e-03
3.595500e+01 8.540338e-04
3.597000e+01 6.650338e-04
3.598500e+01 4.760338e-04
3.600000e+01 2.890338e-04
3.601500e+01 1.030338e-04
3.603000e+01 -8.196617e-05
3.604500e+01 -2.659662e-04
3.606000e+01 -4.489662e-04
3.607500e+01 -6.309662e-04
3.609000e+01 -8.109662e-04
3.610500e+01 -9.899662e-04
3.612000e+01 -1.166966e-03
3.613500e+01 -1.342966e-03
3.615000e+01 -1.515966e-03
3.616500e+01 -1.688966e-03
3.618000e+01 -1.858966e-03
3.619500e+01 -2.026966e-03
3.621000e+01 -2.192966e-03
3.622500e+01 -2.357966e-03
3.624000e+01 -2.519966e-03
3.625500e+01 -2.679966e-03
3.627000e+01 -2.836966e-03
3.628500e+01 -2.992966e-03
3.630000e+01 -3.145966e-03
3.631500e+01 -3.295966e-03
3.633000e+01 -3.443966e-03
3.634500e+01 -3.588966e-03
3.636000e+01 -3.731966e-03
3.637500e+01 -3.871966e-03
3.639000e+01 -4.008966e-03
3.640500e+01 -4.143966e-03
3.642000e+01 -4.274966e-03
3.643500e+01 -4.403966e-03
3.645000e+01 -4.529966e-03
3.646500e+01 -4.651966e-03
3.648000e+01 -4.771966e-03
3.649500e+01 -4.887966e-03
3.651000e+01 -5.001966e-03
3.652500e+01 -5.111966e-03
3.654000e+01 -5.218966e-03
3.655500e+01 -5.322966e-03
3.657000e+01 -5.422966e-03
3.658500e+01 -5.519966e-03
3.660000e+01 -5.613966e-03
3.661500e+01 -5.704966e-03
3.663000e+01 -5.790966e-03
3.664500e+01 -5.874966e-03
3.666000e+01 -5.954966e-03
3.667500e+01 -6.030966e-03
3.669000e+01 -6.103966e-03
3.670500e+01 -6.173966e-03
3.672000e+01 -6.239966e-03
3.673500e+01 -6.301966e-03
3.675000e+01 -6.360966e-03
3.676500e+01 -6.415966e-03
3.678000e+01 -6.467966e-03
3.679500e+01 -6.514966e-03
3.681000e+01 -6.559966e-03
3.682500e+01 -6.599966e-03
3.684000e+01 -6.636966e-03
3.685500e+01 -6.670966e-03
3.687000e+01 -6.699966e-03
3.688500e+01 -6.725966e-03
3.690000e+01 -6.748966e-03
3.691500e+01 -6.767966e-03
3.693000e+01 -6.782966e-03
3.694500e+01 -6.793966e-03
3.696000e+01 -6.801966e-03
3.697500e+01 -6.805966e-03
3.699000e+01 -6.806966e-03
3.700500e+01 -6.803966e-03
3.702000e+01 -6.797966e-03
3.703500e+01 -6.787966e-03
3.705000e+01 -6.773966e-03
3.706500e+01 -6.756966e-03
3.708000e+01 -6.735966e-03
3.709500e+01 -6.711966e-03
3.711000e+01 -6.684966e-03
3.712500e+01 -6.653966e-03
3.714000e+01 -6.619966e-03
3.715500e+01 -6.581966e-03
3.717000e+01 -6.540966e-03
3.718500e+01 -6.496966e-03
3.720000e+01 -6.449966e-03
3.721500e+01 -6.398966e-03
3.723000e+01 -6.344966e-03
3.724500e+01 -6.288966e-03
3.726000e+01 -6.227966e-03
3.727500e+01 -6.164966e-03
3.729000e+01 -6.098966e-03
3.730500e+01 -6.029966e-03
3.732000e+01 -5.957966e-03
3.733500e+01 -5.882966e-03
3.735000e+01 -5.804966e-03
3.736500e+01 -5.724966e-03
3.738000e+01 -5.641966e-03
3.739500e+01 -5.555966e-03
3.741000e+01 -5.466966e-03
3.742500e+01 -5.375966e-03
3.744000e+01 -5.281966e-03
3.745500e+01 -5.185966e-03
3.747000e+01 -5.087966e-03
3.748500e+01 -4.986966e-03
3.750000e+01 -4.882966e-03
3.751500e+01 -4.777966e-03
3.753000e+01 -4.669966e-03
3.754500e+01 -4.559966e-03
3.756000e+01 -4.448966e-03
3.757500e+01 -4.334966e-03
3.759000e+01 -4.218966e-03
3.760500e+01 -4.100966e-03
3.762000e+01 -3.981966e-03
3.763500e+01 -3.859966e-03
3.765000e+01 -3.736966e-03
3.766500e+01 -3.612966e-03
3.768000e+01 -3.486966e-03
3.769500e+01 -3.358966e-03
3.771000e+01 -3.229966e-03
3.772500e+01 -3.099966e-03
3.774000e+01 -2.967966e-03
3.775500e+01 -2.834966e-03
3.777000e+01 -2.700966e-03
3.778500e+01 -2.565966e-03
3.780000e+01 -2.429966e-03
3.781500e+01 -2.292966e-03
3.783000e+01 -2.154966e-03
3.784500e+01 -2.015966e-03
3.786000e+01 -1.875966e-03
3.787500e+01 -1.735966e-03
3.789000e+01 -1.594966e-03
3.790500e+01 -1.453966e-03
3.792000e+01 -1.311966e-03
3.793500e+01 -1.169966e-03
3.795000e+01 -1.026966e-03
3.796500e+01 -8.849662e-04
3.798000e+01 -7.419662e-04
3.799500e+01 -5.989662e-04
3.801000e+01 -4.549662e-04
3.802500e+01 -3.119662e-04
3.804000e+01 -1.689662e-04
3.805500e+01 -2.596617e-05
3.807000e+01 1.160338e-04
3.808500e+01 2.590338e-04
3.810000e+01 4.010338e-04
3.811500e+01 5.420338e-04
3.813000e+01 6.840338e-04
3.814500e+01 8.240338e-04
3.816000e+01 9.640338e-04
3.817500e+01 1.104034e-03
3.819000e+01 1.242034e-03
3.820500e+01 1.380034e-03
3.822000e+01 1.517034e-03
3.823500e+01 1.653034e-03
3.825000e+01 1.788034e-03
3.826500e+01 1.922034e-03
3.828000e+01 2.054034e-03
3.829500e+01 2.186034e-03
3.831000e+01 2.317034e-03
3.832500e+01 2.446034e-03
3.834000e+01 2.574034e-03
3.835500e+01 2.700034e-03
3.837000e+01 2.825034e-03
3.838500e+01 2.949034e-03
3.840000e+01 3.070034e-03
3.841500e+01 3.191034e-03
3.843000e+01 3.310034e-03
3.844500e+01 3.427034e-03
3.846000e+01 3.542034e-03
3.847500e+01 3.655034e-03
3.849000e+01 3.767034e-03
3.850500e+01 3.877034e-03
3.852000e+01 3.984034e-03
3.853500e+01 4.090034e-03
3.855000e+01 4.194034e-03
3.856500e+01 4.296034e-03
3.858000e+01 4.395034e-03
3.859500e+01 4.493034e-03
3.861000e+01 4.588034e-03
3.862500e+01 4.681034e-03
3.864000e+01 4.772034e-03
3.865500e+01 4.861034e-03
3.867000e+01 4.947034e-03
3.868500e+01 5.031034e-03
3.870000e+01 5.112034e-03
3.871500e+01 5.191034e-03
3.873000e+01 5.268034e-03
3.874500e+01 5.342034e-03
3.876000e+01 5.414034e-03
3.877500e+01 5.483034e-03
3.879000e+01 5.550034e-03
3.880500e+01 5.614034e-03
3.882000e+01 5.676034e-03
3.883500e+01 5.735034e-03
3.885000e+01 5.791034e-03
3.886500e+01 5.845034e-03
3.888000e+01 5.896034e-03
3.889500e+01 5.944034e-03
3.891000e+01 5.990034e-03
3.892500e+01 6.033034e-03
3.894000e+01 6.074034e-03
3.895500e+01 6.111034e-03
3.897000e+01 6.146034e-03
3.898500e+01 6.179034e-03
3.900000e+01 6.208034e-03
3.901500e+01 6.235034e-03
3.903000e+01 6.259034e-03
3.904500e+01 6.281034e-03
3.906000e+01 6.300034e-03
3.907500e+01 6.316034e-03
3.909000e+01 6.329034e-03
3.910500e+01 6.340034e-03
3.912000e+01 6.348034e-03
3.913500e+01 6.353034e-03
3.915000e+01 6.355034e-03
3.916500e+01 6.355034e-03
3.918000e+01 6.352034e-03
3.919500e+01 6.347034e-03
3.921000e+01 6.339034e-03
3.922500e+01 6.328034e-03
3.924000e+01 6.315034e-03
3.925500e+01 6.299034e-03
3.927000e+01 6.281034e-03
3.928500e+01 6.259034e-03
3.930000e+01 6.236034e-03
3.931500e+01 6.210034e-03
3.933000e+01 6.181034e-03
3.934500e+01 6.150034e-03
3.936000e+01 6.117034e-03
3.937500e+01 6.081034e-03
3.939000e+01 6.043034e-03
3.940500e+01 6.002034e-03
3.942000e+01 5.959034e-03
3.943500e+01 5.914034e-03
3.945000e+01 5.866034e-03
3.946500e+01 5.817034e-03
3.948000e+01 5.765034e-03
3.949500e+01 5.710034e-03
3.951000e+01 5.654034e-03
3.952500e+01 5.596034e-03
3.954000e+01 5.535034e-03
3.955500e+01 5.473034e-03
3.957000e+01 5.408034e-03
3.958500e+01 5.342034e-03
3.960000e+01 5.274034e-03
3.961500e+01 5.203034e-03
3.963000e+01 5.131034e-03
3.964500e+01 5.058034e-03
3.966000e+01 4.982034e-03
3.967500e+01 4.905034e-03
3.969000e+01 4.826034e-03
3.970500e+01 4.745034e-03
3.972000e+01 4.663034e-03
3.973500e+01 4.579034e-03
3.975000e+01 4.494034e-03
3.976500e+01 4.408034e-03
3.978000e+01 4.320034e-03
3.979500e+01 4.230034e-03
3.981000e+01 4.140034e-03
3.982500e+01 4.048034e-03
3.984000e+01 3.955034e-03
3.985500e+01 3.861034e-03
3.987000e+01 3.765034e-03
3.988500e+01 3.669034e-03
3.990000e+01 3.572034e-03
3.991500e+01 3.473034e-03
3.993000e+01 3.374034e-03
3.994500e+01 3.274034e-03
3.996000e+01 3.173034e-03
3.997500e+01 3.072034e-03
3.999000e+01 2.970034e-03
4.000500e+01 2.867034e-03
